read_name,read_len,start_time,barcode,best_reference,ref_len,start_coords,end_coords,num_matches,mapping_len,display_name
402f89f3-95ff-4ddb-ad88-f465c1bc9225,880,2023-05-09T06:11:09.611556+01:00,barcode08,?,11923,0,0,384,399,?
6ce0b9dd-6711-4df0-8fcd-06cd5e19de73,1307,2023-05-09T06:11:10.611556+01:00,barcode08,?,11923,0,0,380,401,?
1a9751fd-f21a-46dc-8fcd-2791d2fe8cf0,264,2023-05-09T06:11:13.611556+01:00,barcode08,rabv_ea,11923,3067,3203,127,133,RABV_EA
20054f5b-e211-49e1-a7c3-ba481bc9853c,885,2023-05-09T06:12:36.611556+01:00,barcode08,?,11923,0,0,370,389,?
c638a155-4754-4ca1-863c-a7a39cdd9cd7,509,2023-05-09T06:12:37.611556+01:00,barcode08,rabv_ea,11923,9852,10258,373,384,RABV_EA
6f2be859-a4cc-46e9-80d9-1488dc20a3d8,1023,2023-05-09T06:12:21.611556+01:00,barcode08,?,11923,0,0,379,402,?
2a93f8a0-8831-4080-b408-e08924b711d9,540,2023-05-09T06:12:34.611556+01:00,barcode08,rabv_ea,11923,9851,10260,379,396,RABV_EA
713c9147-5ed5-4c38-8e41-0a14ff4f49cf,475,2023-05-09T06:11:11.611556+01:00,barcode08,rabv_ea,11923,1881,2240,317,335,RABV_EA
19a8d2e5-d91b-492a-9247-e815ea63d0e4,451,2023-05-09T03:56:34.611556+01:00,barcode08,rabv_ea,11923,9851,10236,347,361,RABV_EA
22f6b769-b999-465d-80ea-7afe3423d11c,539,2023-05-09T03:56:35.611556+01:00,barcode08,rabv_ea,11923,10175,10576,364,385,RABV_EA
ed2cee99-602f-4944-9a7d-5db234cdfe8e,402,2023-05-09T06:12:44.611556+01:00,barcode08,rabv_ea,11923,4231,4419,168,183,RABV_EA
746c02aa-755e-40fc-ad05-ee243cf44b39,893,2023-05-09T03:56:32.611556+01:00,barcode08,?,11923,0,0,377,397,?
38c05239-8a1f-4eb8-9ede-ecb71bb6fe95,255,2023-05-09T06:11:25.611556+01:00,barcode08,rabv_ea,11923,1873,2039,150,163,RABV_EA
5427c195-af68-44aa-b3cd-7bfff43ef33b,469,2023-05-09T06:11:25.611556+01:00,barcode08,rabv_ea,11923,4644,5051,364,389,RABV_EA
41ca9320-a018-4808-aafd-0e8132e26d5c,649,2023-05-09T06:11:25.611556+01:00,barcode08,?,11923,0,0,349,371,?
bd544cf0-6214-40ea-bc46-3821f66d2f01,548,2023-05-09T06:12:22.611556+01:00,barcode08,rabv_ea,11923,628,1032,367,392,RABV_EA
c7d99c80-6899-4f96-93de-9770ba8b1070,881,2023-05-09T06:11:26.611556+01:00,barcode08,?,11923,0,0,373,390,?
5178342f-5701-4082-9b68-3bde02577f7c,864,2023-05-09T06:12:35.611556+01:00,barcode08,?,11923,0,0,367,398,?
e56b9a9a-3c44-404f-9c09-b71855ab65d3,816,2023-05-09T06:11:23.611556+01:00,barcode08,?,11923,0,0,312,330,?
e5acba8b-e4a4-4f2e-8c65-daf236f9f232,441,2023-05-09T06:12:34.611556+01:00,barcode08,rabv_ea,11923,328,698,333,358,RABV_EA
0658a3ff-9967-4c8e-a919-1abf983d3f85,1295,2023-05-09T06:12:39.611556+01:00,barcode08,?,11923,0,0,374,394,?
7a64a581-497b-4386-a561-0b7cf14cbfd8,1337,2023-05-09T06:12:21.611556+01:00,barcode08,?,11923,0,0,355,371,?
e83debde-d533-43f7-9892-1ef11a50d823,553,2023-05-09T06:12:35.611556+01:00,barcode08,rabv_ea,11923,10164,10576,368,403,RABV_EA
71c9db98-12a7-43c1-ac77-ad2eacb74606,503,2023-05-09T06:12:22.611556+01:00,barcode08,rabv_ea,11923,332,702,318,342,RABV_EA
71f3f9d4-0ffc-426b-a8a9-7e128c4e40a4,959,2023-05-09T06:11:24.611556+01:00,barcode08,?,11923,0,0,371,396,?
77b0ae32-20e3-475a-ae99-e3bc4258d541,529,2023-05-09T06:12:41.611556+01:00,barcode08,rabv_ea,11923,4644,5042,363,396,RABV_EA
bdebfb3c-03a5-40df-b8ab-babed3dae082,512,2023-05-09T06:11:25.611556+01:00,barcode08,rabv_ea,11923,319,709,352,375,RABV_EA
61a67677-44c5-4abd-8857-bed4922b30f9,1483,2023-05-09T06:12:18.611556+01:00,barcode08,?,11923,0,0,764,887,?
848a31af-51fc-4035-9e7d-95b41248ab54,537,2023-05-09T06:11:24.611556+01:00,barcode08,rabv_ea,11923,10164,10573,369,395,RABV_EA
d4cc1930-b0e5-44be-a6e8-d0d2fcdd08c5,540,2023-05-09T06:12:38.611556+01:00,barcode08,rabv_ea,11923,10164,10576,372,400,RABV_EA
b230cfbe-bf9b-4572-886c-3c8b40b20354,469,2023-05-09T06:12:41.611556+01:00,barcode08,rabv_ea,11923,3405,3791,355,373,RABV_EA
f72638b4-1fb1-4aac-b248-da3ab9816725,493,2023-05-09T06:11:24.611556+01:00,barcode08,rabv_ea,11923,11110,11494,362,377,RABV_EA
3b3ac2a1-aa18-4133-9698-569a8ecf7665,1247,2023-05-09T06:12:16.611556+01:00,barcode08,?,11923,0,0,379,396,?
970330d9-5f8c-49aa-867a-7e871317ffb7,441,2023-05-09T03:56:20.611556+01:00,barcode08,rabv_ea,11923,11110,11494,354,371,RABV_EA
5386e36d-5514-46b6-bc65-9415e50b5b6c,514,2023-05-09T06:11:27.611556+01:00,barcode08,rabv_ea,11923,6424,6828,382,388,RABV_EA
29d9c714-0939-47ab-9418-f7f00a987dcf,876,2023-05-09T06:12:44.611556+01:00,barcode08,?,11923,0,0,343,373,?
2142d4e6-d9bf-48cd-bf5d-8c981689b9f7,493,2023-05-09T06:12:21.611556+01:00,barcode08,*,0,0,0,0,0,*
b81b7efa-be77-44be-b4c2-1262a0db5d7c,466,2023-05-09T06:12:37.611556+01:00,barcode08,rabv_ea,11923,2737,3133,377,388,RABV_EA
4176b60a-eaa5-46dd-9b56-0be52e3dd09c,872,2023-05-09T06:11:24.611556+01:00,barcode08,?,11923,0,0,384,397,?
eb6c4416-96de-42bc-b956-43dd7e419f43,864,2023-05-09T06:11:27.611556+01:00,barcode08,?,11923,0,0,364,380,?
30b3113c-df57-4a9b-bdcc-963f1e2b2f43,469,2023-05-09T03:56:33.611556+01:00,barcode08,rabv_ea,11923,4626,5037,362,393,RABV_EA
c92f226d-5072-49ae-a07a-513d971f6dfb,466,2023-05-09T06:11:25.611556+01:00,barcode08,rabv_ea,11923,6424,6814,377,382,RABV_EA
c637f3ab-d215-4e82-a419-4121ee853520,443,2023-05-09T03:56:32.611556+01:00,barcode08,rabv_ea,11923,939,1322,355,373,RABV_EA
38449b8d-cb67-4703-98d6-cb32a3e16572,482,2023-05-09T03:56:20.611556+01:00,barcode08,rabv_ea,11923,2748,3139,358,381,RABV_EA
c886cc5f-23f2-48f8-9fb6-95912ed94288,1651,2023-05-09T06:11:25.611556+01:00,barcode08,?,11923,0,0,337,358,?
c3b50d57-bc1a-4336-aedc-2567e554e7dc,505,2023-05-09T06:12:19.611556+01:00,barcode08,rabv_ea,11923,11096,11494,352,382,RABV_EA
3dc62c65-59a1-4183-9daa-f57bd665e370,284,2023-05-09T06:12:43.611556+01:00,barcode08,*,0,0,0,0,0,*
2d605cbc-fb49-4d09-8766-54bc35f12a98,522,2023-05-09T06:12:19.611556+01:00,barcode08,rabv_ea,11923,10164,10572,341,377,RABV_EA
29c05ae3-5bbf-4a28-967f-85e5674a5c90,473,2023-05-09T06:12:44.611556+01:00,barcode08,rabv_ea,11923,6438,6835,376,388,RABV_EA
8053417c-00ed-4e70-a954-e67cbbfd8c51,470,2023-05-09T06:11:28.611556+01:00,barcode08,rabv_ea,11923,5196,5592,380,388,RABV_EA
1021b093-ee11-4a06-b111-29242b5234e1,543,2023-05-09T06:11:28.611556+01:00,barcode08,rabv_ea,11923,10164,10570,354,386,RABV_EA
45e6394f-c344-41b2-a1fc-d502154b72cf,462,2023-05-09T06:11:26.611556+01:00,barcode08,rabv_ea,11923,10164,10561,358,387,RABV_EA
e0526a3b-2ca7-4e51-ab4b-642470066524,1143,2023-05-09T03:56:32.611556+01:00,barcode08,?,11923,0,0,354,381,?
299c9b24-4d9f-4689-94a6-4fd7f2bd788c,457,2023-05-09T03:56:34.611556+01:00,barcode08,rabv_ea,11923,4895,5272,353,372,RABV_EA
3c1e5920-b6c8-4d36-8bd4-4c26367f8c84,535,2023-05-09T06:12:45.611556+01:00,barcode08,rabv_ea,11923,612,1028,382,406,RABV_EA
5ee7c9f1-cbee-447f-8cc8-c34fffa8f7af,254,2023-05-09T06:12:22.611556+01:00,barcode08,rabv_ea,11923,5209,5338,119,126,RABV_EA
c465c992-7a64-4dd9-860e-eb8195bd23f2,453,2023-05-09T06:11:24.611556+01:00,barcode08,rabv_ea,11923,1864,2241,347,366,RABV_EA
23ca6764-4753-4c7f-9d5b-2da2249c579f,521,2023-05-09T06:11:30.611556+01:00,barcode08,rabv_ea,11923,9851,10263,358,394,RABV_EA
835731a6-8b5c-405d-b7e9-ac51267639b5,464,2023-05-09T06:12:52.611556+01:00,barcode08,rabv_ea,11923,5212,5608,374,383,RABV_EA
c46b678d-f31b-41dc-b126-d49c7e541b19,943,2023-05-09T06:12:53.611556+01:00,barcode08,?,11923,0,0,382,393,?
2c5e9861-9f11-4bbd-a883-d94c2569e28f,1477,2023-05-09T06:12:52.611556+01:00,barcode08,?,11923,0,0,374,392,?
b3b8a942-167e-4b0d-a19e-80347492fed9,239,2023-05-09T06:12:30.611556+01:00,barcode08,rabv_ea,11923,10170,10327,139,152,RABV_EA
65f6e1e5-af1a-47b5-b56c-486a333287b8,467,2023-05-09T06:11:28.611556+01:00,barcode08,rabv_ea,11923,11097,11494,370,380,RABV_EA
3adcfc78-2f35-4161-b997-ceaa6b625f55,538,2023-05-09T06:11:30.611556+01:00,barcode08,rabv_ea,11923,1890,2263,326,355,RABV_EA
0aeb34d6-8acb-4907-88ed-b1def043073d,477,2023-05-09T06:11:32.611556+01:00,barcode08,rabv_ea,11923,4626,5037,372,399,RABV_EA
85d4ce98-b22a-420a-bcdf-267e09a04765,476,2023-05-09T06:12:52.611556+01:00,barcode08,rabv_ea,11923,2733,3136,382,392,RABV_EA
59e6c5c6-9b20-4354-bee3-60611dcf93f9,211,2023-05-09T06:12:46.611556+01:00,barcode08,rabv_ea,11923,11360,11494,128,132,RABV_EA
0bdee62e-0974-4fa8-92a5-1971f7d8ea2e,463,2023-05-09T06:11:31.611556+01:00,barcode08,rabv_ea,11923,9857,10236,335,360,RABV_EA
d4feac04-cd8e-40c7-93b6-55038d86f57a,534,2023-05-09T06:12:16.611556+01:00,barcode08,rabv_ea,11923,10164,10535,345,364,RABV_EA
b1fc2c1b-223b-491e-8759-6da18f7ad9a6,466,2023-05-09T06:12:46.611556+01:00,barcode08,rabv_ea,11923,1881,2252,289,310,RABV_EA
8daa7b0b-e904-4b4f-87d0-94114b6d1fcd,877,2023-05-09T06:11:44.611556+01:00,barcode08,?,11923,0,0,368,388,?
8ae01c37-45c4-49e0-a350-6b1a90021261,875,2023-05-09T06:13:01.611556+01:00,barcode08,?,11923,0,0,372,381,?
878b8950-8cc0-4772-a873-5b4b83d47f2f,961,2023-05-09T06:12:30.611556+01:00,barcode08,?,11923,0,0,356,376,?
d0d5ac5e-f4c7-4952-9ec6-18c39b5d03e4,488,2023-05-09T06:11:30.611556+01:00,barcode08,rabv_ea,11923,4632,5037,364,397,RABV_EA
22d7fd66-aa9f-4449-882a-f185b65eed46,451,2023-05-09T06:11:31.611556+01:00,barcode08,rabv_ea,11923,8952,9325,350,363,RABV_EA
cc654635-bb3b-40f6-93ca-7531278c0d75,536,2023-05-09T06:11:30.611556+01:00,barcode08,*,0,0,0,0,0,*
d0c16769-6cdc-412e-a16e-4030a22685c5,835,2023-05-09T06:12:54.611556+01:00,barcode08,?,11923,0,0,348,369,?
66634d30-c0b9-43f2-9645-b996e1632bf0,924,2023-05-09T06:12:28.611556+01:00,barcode08,rabv_ea,11923,4626,5051,366,406,RABV_EA
53030663-9934-462a-9b70-750146d67e3d,528,2023-05-09T06:12:31.611556+01:00,barcode08,rabv_ea,11923,10165,10572,341,384,RABV_EA
b6eadf6e-415a-417e-ba70-d02b586798ac,1701,2023-05-09T06:11:38.611556+01:00,barcode08,?,11923,0,0,377,398,?
9d6bd658-37ac-4b95-b1a1-aacaf2fc09dd,462,2023-05-09T06:12:53.611556+01:00,barcode08,rabv_ea,11923,9851,10248,375,384,RABV_EA
8f8c30dc-12f7-4321-9107-af9c451b8839,432,2023-05-09T06:13:00.611556+01:00,barcode08,rabv_ea,11923,4997,5294,263,285,RABV_EA
2c8530f1-8344-4804-9b73-41a75ee88fe5,881,2023-05-09T06:13:00.611556+01:00,barcode08,?,11923,0,0,371,384,?
7e3a1a7c-7885-458e-94e5-f2133659e98f,475,2023-05-09T06:13:07.611556+01:00,barcode08,rabv_ea,11923,4626,5036,363,394,RABV_EA
7ee2d7cd-53e7-47be-a893-2cc31e0a9cfb,458,2023-05-09T06:13:06.611556+01:00,barcode08,rabv_ea,11923,70,454,346,369,RABV_EA
71087b19-e428-470c-87d3-a3c3fbc987af,614,2023-05-09T06:12:51.611556+01:00,barcode08,?,11923,0,0,363,389,?
9342a0f7-cbe6-4bbe-89d0-853c2c50e9df,474,2023-05-09T06:13:08.611556+01:00,barcode08,rabv_ea,11923,2733,3105,326,354,RABV_EA
c7df7cc6-21dc-41b3-b301-96f8f634cfd7,833,2023-05-09T06:11:40.611556+01:00,barcode08,?,11923,0,0,322,337,?
22a488c0-427f-4021-983e-03d1a756390c,1324,2023-05-09T06:11:42.611556+01:00,barcode08,?,11923,0,0,399,417,?
e4e11dcd-5fa9-4089-9460-e5fb35f0934f,2126,2023-05-09T06:11:41.611556+01:00,barcode08,?,11923,0,0,385,397,?
84453486-3bdb-4b73-aa3a-9ae5edcc937e,745,2023-05-09T06:11:43.611556+01:00,barcode08,?,11923,0,0,320,340,?
3dbae3e2-d200-464d-aafe-cbfc03bd5c7e,452,2023-05-09T06:11:42.611556+01:00,barcode08,rabv_ea,11923,6424,6619,177,185,RABV_EA
a89af99d-0cdd-4329-8abb-83a1784259bc,490,2023-05-09T06:11:44.611556+01:00,barcode08,rabv_ea,11923,10165,10575,360,391,RABV_EA
6da6dd06-4896-4a7a-bc63-ba5094dc8208,1795,2023-05-09T06:13:04.611556+01:00,barcode08,?,11923,0,0,379,403,?
a2b14424-7ed4-4c7b-96ac-97e12791de17,852,2023-05-09T06:11:57.611556+01:00,barcode08,?,11923,0,0,359,376,?
6bf9e701-d978-43c8-b2f3-2f0867556837,1328,2023-05-09T03:56:16.611556+01:00,barcode08,?,11923,0,0,353,369,?
60c9f8c5-769f-4d42-870e-7b7aa6627bcb,710,2023-05-09T06:13:04.611556+01:00,barcode08,?,11923,0,0,356,377,?
0d51f265-3251-48ae-9434-17b8cb42a722,305,2023-05-09T06:13:07.611556+01:00,barcode08,rabv_ea,11923,3062,3252,177,186,RABV_EA
0d50b45e-529d-4243-abff-8dd61474d7c7,526,2023-05-09T06:11:57.611556+01:00,barcode08,rabv_ea,11923,10164,10576,360,393,RABV_EA
f1cc36ce-2961-4958-add0-735e3e8d7160,1336,2023-05-09T06:13:12.611556+01:00,barcode08,?,11923,0,0,696,738,?
cfcc3729-3cac-4099-a033-884061e70374,969,2023-05-09T06:12:48.611556+01:00,barcode08,?,11923,0,0,374,405,?
f10c5fee-86ce-4964-b165-0c50b1860c38,464,2023-05-09T03:56:32.611556+01:00,barcode08,rabv_ea,11923,9868,10236,332,357,RABV_EA
63f473a1-5040-486b-be20-102b3d5775be,343,2023-05-09T06:13:03.611556+01:00,barcode08,rabv_ea,11923,5038,5276,219,233,RABV_EA
e5c492ce-1148-49a2-aa64-fd6c9edc9c44,940,2023-05-09T06:12:24.611556+01:00,barcode08,?,11923,0,0,382,393,?
05f26778-a195-4e9f-80c2-74650947082b,470,2023-05-09T06:11:52.611556+01:00,barcode08,rabv_ea,11923,9851,10245,366,384,RABV_EA
ed1e1ec9-3df3-46ee-9520-27e5248c819f,542,2023-05-09T06:13:00.611556+01:00,barcode08,rabv_ea,11923,10164,10572,363,399,RABV_EA
6ee77f56-1727-4163-b6e8-4e857752a471,533,2023-05-09T06:13:08.611556+01:00,barcode08,rabv_ea,11923,8933,9321,353,370,RABV_EA
15389b7f-f029-4ff7-b850-e3458becc99b,451,2023-05-09T06:13:04.611556+01:00,barcode08,rabv_ea,11923,11111,11494,367,378,RABV_EA
003a903c-094d-480d-a186-3fcad5ccb0d6,540,2023-05-09T06:13:02.611556+01:00,barcode08,rabv_ea,11923,10164,10562,362,389,RABV_EA
2ad7f9d0-377d-4486-a5fd-45a2c48055da,493,2023-05-09T06:13:07.611556+01:00,barcode08,rabv_ea,11923,9851,10175,301,310,RABV_EA
23bcc807-2599-478c-a429-d8ad20e63144,797,2023-05-09T06:12:56.611556+01:00,barcode08,?,11923,0,0,359,383,?
89f15e4d-57e4-4d81-80e9-63cebb3632d8,469,2023-05-09T06:12:28.611556+01:00,barcode08,rabv_ea,11923,328,710,333,349,RABV_EA
27cb447c-3719-45e5-9cdc-61f9650a7a19,473,2023-05-09T06:12:24.611556+01:00,barcode08,rabv_ea,11923,319,707,358,378,RABV_EA
a5d3ea54-b50d-44f8-b28d-581d16bbb125,869,2023-05-09T03:56:33.611556+01:00,barcode08,?,11923,0,0,368,392,?
3b331a3b-434c-4113-ade3-095f5647f872,225,2023-05-09T06:11:56.611556+01:00,barcode08,*,0,0,0,0,0,*
eed522a9-aa9f-49f4-a840-7b8e859a0739,873,2023-05-09T06:11:54.611556+01:00,barcode08,?,11923,0,0,370,395,?
70e82850-61c7-47ab-b66f-2fb18a8757aa,505,2023-05-09T03:56:34.611556+01:00,barcode08,rabv_ea,11923,6429,6828,370,377,RABV_EA
37971671-7342-4a4b-8051-cfd2f1c443a3,459,2023-05-09T06:13:01.611556+01:00,barcode08,rabv_ea,11923,9851,10243,366,380,RABV_EA
1e4c277f-4dbe-4b7a-83a8-3e49b49b1a6b,874,2023-05-09T06:11:56.611556+01:00,barcode08,?,11923,0,0,384,399,?
525253e9-e80d-4322-8e0a-b64b20fb700a,547,2023-05-09T06:13:06.611556+01:00,barcode08,rabv_ea,11923,10171,10576,365,392,RABV_EA
debd44ce-31ab-4b0a-9c54-d99d2864628b,478,2023-05-09T06:13:06.611556+01:00,barcode08,rabv_ea,11923,10164,10570,359,386,RABV_EA
755979ea-7396-4de2-922b-e67ccf05cd4c,876,2023-05-09T06:13:04.611556+01:00,barcode08,?,11923,0,0,359,371,?
4c5f7376-2107-42f5-b3a7-dd0396e8f695,1289,2023-05-09T06:11:57.611556+01:00,barcode08,?,11923,0,0,390,402,?
e587b070-4c6b-4a6b-8200-32c8ea10a830,819,2023-05-09T06:11:56.611556+01:00,barcode08,?,11923,0,0,327,345,?
0e6f2b2d-be81-4b93-b7e0-4d170b971c81,884,2023-05-09T06:11:54.611556+01:00,barcode08,?,11923,0,0,344,368,?
1bf327a7-f1df-45fd-b5a4-9cde62e8cf28,452,2023-05-09T06:13:00.611556+01:00,barcode08,rabv_ea,11923,2733,3133,358,373,RABV_EA
dac38ed0-58ae-46bb-b010-255a4bbc32b2,446,2023-05-09T06:13:22.611556+01:00,barcode08,rabv_ea,11923,11111,11494,343,370,RABV_EA
97b4969f-50f3-4225-ba61-3527dfc0e6ca,521,2023-05-09T06:11:56.611556+01:00,barcode08,rabv_ea,11923,10191,10576,364,383,RABV_EA
4c6f7ddc-0d64-4bb3-9742-122249246758,529,2023-05-09T06:11:57.611556+01:00,barcode08,rabv_ea,11923,10164,10573,367,397,RABV_EA
5b4a5891-1f35-4d6c-92e9-7cf7b3c040ad,535,2023-05-09T06:12:10.611556+01:00,barcode08,rabv_ea,11923,9856,10263,378,398,RABV_EA
737f4252-54d0-4f7d-bc25-f1eaadbfd9d8,495,2023-05-09T06:12:10.611556+01:00,barcode08,rabv_ea,11923,10164,10576,368,396,RABV_EA
5840edf4-b391-43c1-a8d2-25702a0c976e,367,2023-05-09T06:12:11.611556+01:00,barcode08,rabv_ea,11923,5014,5283,236,264,RABV_EA
1e6da520-ca94-4dc6-9e15-e12bab1caa2a,947,2023-05-09T06:13:26.611556+01:00,barcode08,?,11923,0,0,376,396,?
1b77e520-133e-483e-9b95-10e3c8671845,519,2023-05-09T06:13:10.611556+01:00,barcode08,rabv_ea,11923,1864,2264,356,379,RABV_EA
7af697f6-b3bf-4185-8b16-8e5b607abbfd,527,2023-05-09T06:12:01.611556+01:00,barcode08,rabv_ea,11923,10164,10574,367,397,RABV_EA
ee527bd8-be97-4eb8-abf0-d29c50aa9ce2,549,2023-05-09T06:12:02.611556+01:00,barcode08,rabv_ea,11923,10164,10576,373,405,RABV_EA
5db46938-6c32-419b-ac3b-a893bdcc3902,877,2023-05-09T06:11:58.611556+01:00,barcode08,?,11923,0,0,364,377,?
7b3fc825-b479-4d4b-bf4f-bdb57ec221be,476,2023-05-09T06:13:11.611556+01:00,barcode08,rabv_ea,11923,8927,9325,344,357,RABV_EA
571f06f0-e53c-4f25-9eb2-d67cc1e4579a,528,2023-05-09T06:11:55.611556+01:00,barcode08,rabv_ea,11923,10164,10576,363,395,RABV_EA
9db2d664-0fff-4e84-8fbb-010f63185a77,480,2023-05-09T06:13:10.611556+01:00,barcode08,rabv_ea,11923,2747,3143,357,382,RABV_EA
d97e0dd6-b1cd-4ce1-a272-c793d0c6ef66,549,2023-05-09T06:13:03.611556+01:00,barcode08,rabv_ea,11923,10164,10570,356,389,RABV_EA
1db0788f-b153-450f-8d46-5f87a6b8c8ca,542,2023-05-09T06:13:08.611556+01:00,barcode08,rabv_ea,11923,10176,10571,350,381,RABV_EA
8a101d34-c9dd-4b29-b901-715e1001581b,353,2023-05-09T06:13:22.611556+01:00,barcode08,rabv_ea,11923,6133,6250,112,116,RABV_EA
9d5e99c7-0be6-406a-90b3-ee5821b2eda2,517,2023-05-09T06:13:24.611556+01:00,barcode08,rabv_ea,11923,10164,10576,360,389,RABV_EA
0a45db02-83a6-4670-83c7-0453f5f70e29,950,2023-05-09T06:13:08.611556+01:00,barcode08,?,11923,0,0,380,396,?
a84d0dbc-34ee-4827-8cd4-4d8bedd604de,462,2023-05-09T06:13:09.611556+01:00,barcode08,rabv_ea,11923,10170,10563,359,379,RABV_EA
310eda0e-e0dd-4654-8eeb-b31bfb21cb4c,532,2023-05-09T06:13:08.611556+01:00,barcode08,rabv_ea,11923,11097,11495,368,393,RABV_EA
39854971-0ef8-4c61-b7c0-3f30f42e28c2,349,2023-05-09T06:13:13.611556+01:00,barcode08,rabv_ea,11923,10164,10428,251,262,RABV_EA
46df7723-2ba7-44c8-8885-ed4709867d64,1276,2023-05-09T06:13:09.611556+01:00,barcode08,rabv_ea,11923,10164,10574,382,405,RABV_EA
45caefc8-21f9-491b-99a7-94a813a9e382,2098,2023-05-09T06:12:56.611556+01:00,barcode08,?,11923,0,0,366,389,?
efea105a-fa06-4cc4-8a9a-4c8a65eaebfe,602,2023-05-09T06:13:11.611556+01:00,barcode08,rabv_ea,11923,9536,9939,372,393,RABV_EA
94b6e2a1-e928-47dd-9936-e923ecc4a9b5,437,2023-05-09T06:12:09.611556+01:00,barcode08,rabv_ea,11923,6424,6814,338,360,RABV_EA
c36388d3-93d7-48a8-af62-4703d7bc799b,485,2023-05-09T06:13:13.611556+01:00,barcode08,rabv_ea,11923,3067,3455,364,380,RABV_EA
c589d371-df46-40c8-ad2f-c4845d435b0e,466,2023-05-09T06:13:28.611556+01:00,barcode08,rabv_ea,11923,9851,10247,374,388,RABV_EA
4a7212c8-0ccb-419c-8f04-2ad81ea5df5e,512,2023-05-09T03:56:21.611556+01:00,barcode08,rabv_ea,11923,6431,6828,363,380,RABV_EA
2cd8c9d0-1902-46d9-8a0a-f48106564843,523,2023-05-09T06:12:09.611556+01:00,barcode08,rabv_ea,11923,10164,10572,360,391,RABV_EA
2b5aaab5-901c-497c-afb8-6823f181c050,452,2023-05-09T06:13:15.611556+01:00,barcode08,rabv_ea,11923,11111,11494,353,370,RABV_EA
09e801f4-5efe-477c-b882-f8cf8f11a819,953,2023-05-09T06:13:39.611556+01:00,barcode08,?,11923,0,0,371,393,?
78cc5ef4-9661-4c33-a407-99b6c95accd5,1319,2023-05-09T06:12:53.611556+01:00,barcode08,?,11923,0,0,389,416,?
a51a1b1f-9a52-44b8-99b9-a8517030a38b,466,2023-05-09T06:13:03.611556+01:00,barcode08,rabv_ea,11923,9851,10240,373,384,RABV_EA
5a45023a-34ad-4ca0-9309-2f4e5b4b342b,523,2023-05-09T06:12:31.611556+01:00,barcode08,rabv_ea,11923,10172,10576,365,386,RABV_EA
b87e2a1b-7bf1-45d0-8bb9-9c40834d249f,460,2023-05-09T06:13:32.611556+01:00,barcode08,rabv_ea,11923,9864,10244,360,368,RABV_EA
30fe0ebc-95a8-42f2-93a2-2579e65fe979,326,2023-05-09T06:13:12.611556+01:00,barcode08,rabv_ea,11923,619,813,177,185,RABV_EA
47f93bc4-7563-4dd0-a2c1-dfc8ae74fc1e,521,2023-05-09T06:13:39.611556+01:00,barcode08,*,0,0,0,0,0,*
2043b4b4-4c65-47af-94f4-ca920e7f551e,464,2023-05-09T06:12:07.611556+01:00,barcode08,rabv_ea,11923,9851,10247,377,387,RABV_EA
21f5a2e8-30d8-4349-8567-2419a2f3c83f,881,2023-05-09T03:55:31.611556+01:00,barcode08,?,11923,0,0,362,380,?
5852ec52-fd01-4891-8d9f-317a2c4ad49f,1333,2023-05-09T06:13:26.611556+01:00,barcode08,?,11923,0,0,752,791,?
c48ddcb8-7039-4e5a-a811-aff25e25bb1c,358,2023-05-09T06:13:24.611556+01:00,barcode08,rabv_ea,11923,6133,6423,251,276,RABV_EA
38ea9efd-4b37-4c95-a289-acad60720741,1282,2023-05-09T06:13:18.611556+01:00,barcode08,?,11923,0,0,373,391,?
1a71bf41-73bb-490d-a963-86eaf179c28a,506,2023-05-09T06:13:17.611556+01:00,barcode08,rabv_ea,11923,9536,9940,326,358,RABV_EA
20cc20a3-0fda-418b-a080-cfadf06e097c,883,2023-05-09T06:13:20.611556+01:00,barcode08,?,11923,0,0,366,385,?
c04aadc4-384d-4762-9d2b-bb7fcbb43e12,534,2023-05-09T06:13:25.611556+01:00,barcode08,rabv_ea,11923,5196,5608,385,401,RABV_EA
4ad6d663-b69d-42ca-9bf4-1ec1e9e589f3,459,2023-05-09T06:12:56.611556+01:00,barcode08,rabv_ea,11923,10179,10576,348,375,RABV_EA
797c7908-dfab-471d-a9af-4730889ece02,533,2023-05-09T06:12:58.611556+01:00,barcode08,rabv_ea,11923,9852,10263,383,399,RABV_EA
ca06d859-17d5-4fd0-bd3e-b3e7cc2b7938,923,2023-05-09T06:12:56.611556+01:00,barcode08,?,11923,0,0,370,382,?
7991e82f-c28e-471c-b904-d43e741742d5,343,2023-05-09T06:12:03.611556+01:00,barcode08,rabv_ea,11923,616,747,115,125,RABV_EA
6806ebe0-03d8-474c-ace0-219e1f492850,1336,2023-05-09T06:12:27.611556+01:00,barcode08,?,11923,0,0,362,392,?
6c690447-dc5f-418d-9283-3f498fda88af,443,2023-05-09T06:12:17.611556+01:00,barcode08,rabv_ea,11923,1864,2248,346,369,RABV_EA
9366b453-6649-4efd-a533-2c87355f5705,1274,2023-05-09T06:13:17.611556+01:00,barcode08,?,11923,0,0,383,396,?
87935754-7259-459e-a4c2-165d08cd0710,1009,2023-05-09T06:12:32.611556+01:00,barcode08,?,11923,0,0,384,405,?
b4c1f98a-3eb8-4a2e-b4c3-6761618ed775,517,2023-05-09T06:12:43.611556+01:00,barcode08,rabv_ea,11923,9536,9921,350,369,RABV_EA
d50691e4-c2be-4300-a80f-3f5868b13201,520,2023-05-09T03:56:34.611556+01:00,barcode08,rabv_ea,11923,8930,9325,377,387,RABV_EA
f9b1749a-7d2a-49a4-97e9-88212e236553,471,2023-05-09T06:12:28.611556+01:00,barcode08,rabv_ea,11923,6424,6823,370,382,RABV_EA
277ea145-1e35-4f71-adab-997eb461c8e2,462,2023-05-09T06:13:49.611556+01:00,barcode08,rabv_ea,11923,3062,3457,352,378,RABV_EA
9e78eae5-d27f-4daf-aef7-41d44c06a78e,504,2023-05-09T06:13:49.611556+01:00,barcode08,rabv_ea,11923,10164,10532,312,342,RABV_EA
31c4dc8b-2ed8-47ee-acc6-8c06e79028a2,491,2023-05-09T06:12:59.611556+01:00,barcode08,rabv_ea,11923,320,705,347,365,RABV_EA
72daaa77-240e-4d7b-9411-9909ad5090fd,471,2023-05-09T06:12:28.611556+01:00,barcode08,rabv_ea,11923,11445,11783,308,327,RABV_EA
8230f01e-5062-4067-82c4-e9abb8942cee,458,2023-05-09T06:12:30.611556+01:00,barcode08,rabv_ea,11923,1864,2262,320,339,RABV_EA
01f13a20-3189-4201-a76b-567109cc0173,453,2023-05-09T06:12:29.611556+01:00,barcode08,rabv_ea,11923,10191,10576,333,359,RABV_EA
d76e367c-235e-46bc-af58-ea691b78a227,476,2023-05-09T03:56:17.611556+01:00,barcode08,rabv_ea,11923,10178,10576,365,389,RABV_EA
ead79fb4-1785-42ba-be72-5b390e8e862d,524,2023-05-09T03:56:21.611556+01:00,barcode08,rabv_ea,11923,9851,10263,385,397,RABV_EA
6188514c-971d-44ca-9fbe-2420dfbe6665,920,2023-05-09T06:13:36.611556+01:00,barcode08,?,11923,0,0,382,387,?
5ed7d2db-aec8-453d-846c-6784c079fb18,811,2023-05-09T06:12:56.611556+01:00,barcode08,?,11923,0,0,354,371,?
ffabb70a-b53a-4bd2-85b1-02185065fe96,519,2023-05-09T06:13:38.611556+01:00,barcode08,rabv_ea,11923,10170,10573,354,381,RABV_EA
c89dc472-d7d5-4b14-9579-2289c28b53bc,529,2023-05-09T06:13:37.611556+01:00,barcode08,rabv_ea,11923,4677,5043,322,354,RABV_EA
36c5f6d1-3853-4520-8d91-58ca21179143,459,2023-05-09T06:12:57.611556+01:00,barcode08,rabv_ea,11923,10183,10570,344,371,RABV_EA
fc320e7d-9171-4a85-8454-f8c97dc8b9cf,522,2023-05-09T06:13:48.611556+01:00,barcode08,rabv_ea,11923,9851,10257,381,398,RABV_EA
21c3eb42-6641-4ae3-8768-80ca8f5583c0,515,2023-05-09T06:13:38.611556+01:00,barcode08,rabv_ea,11923,10168,10576,368,394,RABV_EA
b6bbaf8c-433c-44a5-87b4-f0938f6523f5,535,2023-05-09T06:13:35.611556+01:00,barcode08,rabv_ea,11923,6424,6831,367,396,RABV_EA
94e9fdcc-050a-4633-ae9e-3fb58a20841a,470,2023-05-09T06:13:34.611556+01:00,barcode08,rabv_ea,11923,2747,3149,367,385,RABV_EA
92d8f56e-728b-491d-84a4-2b5c56245ed6,844,2023-05-09T06:13:35.611556+01:00,barcode08,?,11923,0,0,375,386,?
fd3aa249-5052-431d-b665-4ec29c25d662,459,2023-05-09T06:13:36.611556+01:00,barcode08,rabv_ea,11923,9875,10263,349,368,RABV_EA
5574f63d-2ec4-4aca-8a7b-42d7961ec87f,970,2023-05-09T06:13:36.611556+01:00,barcode08,?,11923,0,0,391,397,?
0eb77483-2456-4049-85bc-c658865a0881,474,2023-05-09T06:12:31.611556+01:00,barcode08,rabv_ea,11923,11110,11483,336,363,RABV_EA
42ccd8b5-0d51-4e8f-a3e4-7f109d809131,446,2023-05-09T06:12:30.611556+01:00,barcode08,rabv_ea,11923,9851,10246,344,371,RABV_EA
77c5faf5-fca1-4e07-8518-5d37ee66ae6c,443,2023-05-09T06:13:31.611556+01:00,barcode08,rabv_ea,11923,319,696,346,366,RABV_EA
ad5210fe-a063-434a-8dd7-6b1ba12f1eb2,451,2023-05-09T06:13:35.611556+01:00,barcode08,rabv_ea,11923,1873,2246,347,367,RABV_EA
e1ca99b2-b6c5-465f-b578-367febb0822f,1287,2023-05-09T03:56:33.611556+01:00,barcode08,?,11923,0,0,358,373,?
63922005-89f2-4bfc-9a44-91d445cde9ba,1300,2023-05-09T06:13:15.611556+01:00,barcode08,?,11923,0,0,372,383,?
e18bf7dd-080d-459d-83fd-dd1865b31fc7,472,2023-05-09T06:12:38.611556+01:00,barcode08,rabv_ea,11923,2733,3136,371,388,RABV_EA
1339c9c9-861b-4274-9dd1-8fee25c7e8e5,473,2023-05-09T06:12:39.611556+01:00,barcode08,rabv_ea,11923,10170,10561,360,385,RABV_EA
b68c2a50-a552-4329-be74-ccf151650fc2,859,2023-05-09T06:12:36.611556+01:00,barcode08,?,11923,0,0,375,399,?
b90d2a8d-627d-499d-8a57-bfd289687011,868,2023-05-09T06:12:38.611556+01:00,barcode08,?,11923,0,0,357,372,?
9bdf5112-fc9f-47b3-8e2d-9ca565ea0ecc,854,2023-05-09T06:13:33.611556+01:00,barcode08,rabv_ea,11923,4631,5050,378,410,RABV_EA
5eac2033-e635-4f98-9329-960061af180f,871,2023-05-09T06:12:40.611556+01:00,barcode08,?,11923,0,0,368,391,?
d57a162f-13d2-4aba-bfa0-f64af2f1dd53,886,2023-05-09T06:13:59.611556+01:00,barcode08,?,11923,0,0,316,336,?
7274300b-a986-4573-81c9-1e886e0c4595,883,2023-05-09T06:13:32.611556+01:00,barcode08,?,11923,0,0,379,404,?
bde23e28-6da1-4d65-abcb-30a533bead8e,2207,2023-05-09T06:13:53.611556+01:00,barcode08,?,11923,0,0,393,409,?
a5142af8-0626-4791-bc6c-3cbc1e1400a7,369,2023-05-09T06:14:00.611556+01:00,barcode08,rabv_ea,11923,5023,5283,236,251,RABV_EA
99eb2223-3f1d-4640-b47c-b525638359ca,1755,2023-05-09T06:13:37.611556+01:00,barcode08,?,11923,0,0,398,412,?
817f42b9-4109-4918-8fa8-45f9c50586bd,529,2023-05-09T06:13:33.611556+01:00,barcode08,rabv_ea,11923,10172,10576,363,388,RABV_EA
943d8b5b-e657-4fcc-bebb-1d83ba48883b,461,2023-05-09T06:13:42.611556+01:00,barcode08,rabv_ea,11923,9851,10248,379,388,RABV_EA
23c8b078-a314-4869-b66b-baa6345aa26a,400,2023-05-09T06:13:58.611556+01:00,barcode08,rabv_ea,11923,9003,9325,296,311,RABV_EA
8c1c99c0-7f64-40a7-9fb7-7788cafcaa15,268,2023-05-09T06:13:57.611556+01:00,barcode08,rabv_ea,11923,3057,3263,198,206,RABV_EA
50d44314-0aa9-4bbd-8d3e-1d2c6fd427fd,890,2023-05-09T06:13:31.611556+01:00,barcode08,?,11923,0,0,393,407,?
12484c35-0255-4e08-b0fe-5e06dfa4d0f7,388,2023-05-09T06:12:44.611556+01:00,barcode08,rabv_ea,11923,4339,4559,206,217,RABV_EA
c5985d08-a158-4cfa-8277-1e0dc24cfee4,1338,2023-05-09T06:13:56.611556+01:00,barcode08,rabv_ea,11923,10164,11488,979,1142,RABV_EA
551ef8ae-83a3-49e7-9855-65db97e81a22,898,2023-05-09T06:12:53.611556+01:00,barcode08,?,11923,0,0,369,383,?
43c888df-9c8a-4f57-9323-159be651e5a3,1311,2023-05-09T06:12:37.611556+01:00,barcode08,?,11923,0,0,383,398,?
eb676234-fae2-414b-bd3f-e1a5b5872e0b,468,2023-05-09T06:13:53.611556+01:00,barcode08,rabv_ea,11923,2733,3102,345,360,RABV_EA
7ad767e0-b023-42de-bc7e-8f869f854bec,864,2023-05-09T03:55:35.611556+01:00,barcode08,?,11923,0,0,364,384,?
20b8a97f-6a07-4f3f-aae6-426835d1937d,283,2023-05-09T03:55:36.611556+01:00,barcode08,rabv_ea,11923,3062,3252,180,188,RABV_EA
87b2168c-67cd-4236-8bed-68e541fee39b,626,2023-05-09T03:55:34.611556+01:00,barcode08,rabv_ea,11923,319,710,359,381,RABV_EA
764fdb3f-32b9-44a0-8b21-5418dd8a4543,220,2023-05-09T06:13:58.611556+01:00,barcode08,rabv_ea,11923,1505,1620,109,111,RABV_EA
8392dc56-4493-4a97-bf8f-2ecaec638fb7,526,2023-05-09T06:14:00.611556+01:00,barcode08,rabv_ea,11923,4626,5050,365,402,RABV_EA
2f0e6827-7368-4d61-80d7-ce26e452e582,1577,2023-05-09T06:13:51.611556+01:00,barcode08,?,11923,0,0,388,399,?
7e6a5e49-4f60-49c0-b651-9a97b11ba6d6,508,2023-05-09T06:13:56.611556+01:00,barcode08,rabv_ea,11923,9536,9931,345,369,RABV_EA
5c35495c-5df3-4132-bd70-fcb3dfae57c9,468,2023-05-09T06:14:00.611556+01:00,barcode08,rabv_ea,11923,3383,3775,362,378,RABV_EA
91d60bd6-6db3-485c-869d-170f8f6ed756,550,2023-05-09T06:13:56.611556+01:00,barcode08,rabv_ea,11923,940,1321,346,370,RABV_EA
45d35e61-4ee9-4a37-81b4-470e092e411a,351,2023-05-09T06:13:57.611556+01:00,barcode08,rabv_ea,11923,4720,4984,239,253,RABV_EA
b7f31eb8-e98e-480e-b7e0-70c0e3f16419,314,2023-05-09T06:13:57.611556+01:00,barcode08,rabv_ea,11923,11272,11494,212,218,RABV_EA
2d9b6c33-0dc2-45ec-8620-ee6345d0a72b,863,2023-05-09T03:55:34.611556+01:00,barcode08,*,0,0,0,0,0,*
75270074-ea44-456e-a9cf-341c0a6be792,486,2023-05-09T06:12:46.611556+01:00,barcode08,rabv_ea,11923,8939,9325,380,386,RABV_EA
172dab18-2226-40ec-8449-432837c8e6d0,521,2023-05-09T06:14:06.611556+01:00,barcode08,rabv_ea,11923,11096,11494,369,389,RABV_EA
4a1de226-1ce0-4bab-a9d5-b2b595025fc7,894,2023-05-09T06:14:05.611556+01:00,barcode08,?,11923,0,0,375,399,?
cda15f3a-150e-4fc1-b07a-4fc09a3e8864,533,2023-05-09T06:13:53.611556+01:00,barcode08,rabv_ea,11923,11096,11488,372,384,RABV_EA
133083cb-1eee-4767-bccc-090e9095a498,419,2023-05-09T06:12:48.611556+01:00,barcode08,rabv_ea,11923,10164,10508,308,336,RABV_EA
0f3b4f6e-e009-4632-bbbc-dfc3b7e77148,275,2023-05-09T06:14:03.611556+01:00,barcode08,rabv_ea,11923,4305,4422,110,117,RABV_EA
792dc45f-539b-4376-80af-ce948a7207f0,439,2023-05-09T06:12:48.611556+01:00,barcode08,rabv_ea,11923,319,690,341,356,RABV_EA
63073dd8-2329-4c19-9374-aaa98eca6ee7,474,2023-05-09T06:14:01.611556+01:00,barcode08,rabv_ea,11923,6425,6817,374,386,RABV_EA
7a948d5e-1fd2-4c05-96a2-405ab20f90e8,446,2023-05-09T06:14:03.611556+01:00,barcode08,rabv_ea,11923,11111,11492,352,368,RABV_EA
09a6f494-c362-40f8-955d-6e0bb4eb55a7,515,2023-05-09T06:14:02.611556+01:00,barcode08,rabv_ea,11923,9851,10259,377,398,RABV_EA
4cdc9288-4311-48db-a224-0700489b2e7d,625,2023-05-09T06:12:49.611556+01:00,barcode08,rabv_ea,11923,6136,6473,306,325,RABV_EA
d39cf6c1-b78b-4c20-a76f-33a9c37dd822,507,2023-05-09T06:13:54.611556+01:00,barcode08,rabv_ea,11923,3399,3774,338,353,RABV_EA
b5d66f8d-ed92-420f-b6dd-b66a76e12393,253,2023-05-09T06:12:48.611556+01:00,barcode08,*,0,0,0,0,0,*
d48fba21-65fa-4b1a-a02b-e3b3da478775,939,2023-05-09T06:12:47.611556+01:00,barcode08,?,11923,0,0,370,389,?
26f01f05-8c1f-46e2-b308-ef1266ba3393,886,2023-05-09T06:13:43.611556+01:00,barcode08,?,11923,0,0,362,379,?
239c9ba5-658c-4558-9646-906f5923c073,595,2023-05-09T06:12:49.611556+01:00,barcode08,rabv_ea,11923,8934,9325,374,383,RABV_EA
2b98515e-95f2-4e5f-926a-db64dcdad0f5,930,2023-05-09T06:14:00.611556+01:00,barcode08,?,11923,0,0,385,397,?
27e19a81-d86c-449d-be55-e641c10791dd,518,2023-05-09T06:14:03.611556+01:00,barcode08,rabv_ea,11923,1864,2240,331,355,RABV_EA
24b4a350-1c40-4a01-b688-2708fda04371,893,2023-05-09T06:12:47.611556+01:00,barcode08,?,11923,0,0,380,394,?
ba72384b-2adb-447b-b0de-89773661a750,539,2023-05-09T06:13:44.611556+01:00,barcode08,rabv_ea,11923,10164,10576,382,404,RABV_EA
99f2ec0d-7339-4511-9fc4-918a0f6927f4,944,2023-05-09T06:14:01.611556+01:00,barcode08,?,11923,0,0,385,411,?
291768bd-f122-4dc5-ad0e-78daad3e6c17,463,2023-05-09T06:13:53.611556+01:00,barcode08,rabv_ea,11923,5196,5596,372,390,RABV_EA
dfb46a3c-2576-4fea-a57c-6fe2df7ed589,454,2023-05-09T06:14:18.611556+01:00,barcode08,rabv_ea,11923,319,697,336,363,RABV_EA
3407f012-8485-494b-9295-b8949d889a37,550,2023-05-09T06:13:46.611556+01:00,barcode08,rabv_ea,11923,3383,3793,383,401,RABV_EA
f15904e7-df7a-499c-aa2e-3beac0023708,909,2023-05-09T06:13:23.611556+01:00,barcode08,?,11923,0,0,343,364,?
e3f93116-f572-4875-acc1-38da31d175c2,638,2023-05-09T06:14:02.611556+01:00,barcode08,?,11923,0,0,379,395,?
67db4485-7405-439c-b7ab-14170f57aad1,478,2023-05-09T06:13:46.611556+01:00,barcode08,rabv_ea,11923,10170,10562,343,379,RABV_EA
2b084969-5852-4d85-b085-dd04f8e7e7da,876,2023-05-09T06:14:02.611556+01:00,barcode08,rabv_ea,11923,11097,11494,377,390,RABV_EA
c4114c7c-2e03-4129-a129-9c6e810c7295,879,2023-05-09T06:13:19.611556+01:00,barcode08,?,11923,0,0,371,377,?
a658bf60-f9e2-4a43-aab1-724aa730ee86,1513,2023-05-09T06:13:45.611556+01:00,barcode08,?,11923,0,0,372,385,?
faac943a-bed8-44bc-a77c-cb8260e4a91c,440,2023-05-09T06:13:49.611556+01:00,barcode08,rabv_ea,11923,319,695,348,363,RABV_EA
7d840ef6-ba86-40bb-87a6-8d79bcc61332,527,2023-05-09T06:13:50.611556+01:00,barcode08,rabv_ea,11923,10164,10576,383,407,RABV_EA
7637e544-72da-441e-a560-eb9ad852a07f,953,2023-05-09T06:14:26.611556+01:00,barcode08,?,11923,0,0,370,392,?
3a452669-a01d-45be-8344-e7c8582373c0,472,2023-05-09T06:13:55.611556+01:00,barcode08,rabv_ea,11923,10164,10562,367,393,RABV_EA
2a63cfda-5b91-46c6-972f-48c900cf195d,502,2023-05-09T06:13:55.611556+01:00,barcode08,rabv_ea,11923,3062,3465,347,370,RABV_EA
c6c7c14f-1d9b-4119-9cae-9ca119c14ced,1332,2023-05-09T06:14:24.611556+01:00,barcode08,?,11923,0,0,351,378,?
a91a7188-4927-49ec-8327-0bd3309cc52f,537,2023-05-09T06:14:19.611556+01:00,barcode08,rabv_ea,11923,10164,10576,381,405,RABV_EA
03e0412f-7067-42da-9525-beee10e8fd58,945,2023-05-09T06:13:50.611556+01:00,barcode08,?,11923,0,0,387,404,?
35ad5eb2-507b-4045-9f18-f25f6c945911,523,2023-05-09T06:14:19.611556+01:00,barcode08,rabv_ea,11923,1864,2264,374,392,RABV_EA
815831b7-1c36-499e-8b34-d4bc72ec8f35,718,2023-05-09T06:13:53.611556+01:00,barcode08,rabv_ea,11923,10202,10576,323,360,RABV_EA
7e8c3e9a-ee33-471e-9cd6-2e401a89895e,891,2023-05-09T06:14:29.611556+01:00,barcode08,rabv_ea,11923,319,1321,709,741,RABV_EA
82961f93-e871-48d0-824d-e3ba9a591f9f,293,2023-05-09T06:14:29.611556+01:00,barcode08,*,0,0,0,0,0,*
5e38eda9-5c40-4e07-8824-b0cb6f5f9ed7,873,2023-05-09T06:14:27.611556+01:00,barcode08,?,11923,0,0,386,400,?
3a6edc29-1821-41fc-8216-a937d342071c,548,2023-05-09T06:14:27.611556+01:00,barcode08,rabv_ea,11923,4626,5051,379,409,RABV_EA
fee8342f-a1ed-4f1a-b550-7b17feecda69,1667,2023-05-09T06:14:15.611556+01:00,barcode08,?,11923,0,0,359,376,?
774bd756-5def-4817-993f-4d0b60f9b92d,390,2023-05-09T06:14:22.611556+01:00,barcode08,rabv_ea,11923,1864,2194,298,317,RABV_EA
49662d60-21f4-48c1-82d8-24e7c31a10da,299,2023-05-09T06:13:48.611556+01:00,barcode08,rabv_ea,11923,1513,1626,109,111,RABV_EA
77adb044-f2df-497d-8580-c511d808da00,1415,2023-05-09T06:13:15.611556+01:00,barcode08,?,11923,0,0,372,385,?
500700dd-c7c7-48c7-9a25-a7ad3655c097,561,2023-05-09T06:13:18.611556+01:00,barcode08,rabv_ea,11923,10170,10580,365,403,RABV_EA
a71bbf9a-9ed0-4269-bcb7-57ec201f22fb,472,2023-05-09T06:13:18.611556+01:00,barcode08,rabv_ea,11923,11405,11796,363,379,RABV_EA
34bbf758-60b2-4104-8707-e3e83095c2d3,241,2023-05-09T06:14:27.611556+01:00,barcode08,rabv_ea,11923,3062,3237,166,173,RABV_EA
36721129-b4cb-43b3-9a9c-621e1efc114a,959,2023-05-09T06:14:18.611556+01:00,barcode08,?,11923,0,0,377,399,?
72d79c82-13f0-429f-98cd-f9f2a1ace927,448,2023-05-09T06:14:27.611556+01:00,barcode08,rabv_ea,11923,6437,6828,341,372,RABV_EA
926bb3ee-1baf-4514-849c-34df00a7382e,448,2023-05-09T06:14:28.611556+01:00,barcode08,rabv_ea,11923,74,459,351,371,RABV_EA
9e39c45c-3ed6-4a96-9b3a-26c8b5e31075,428,2023-05-09T06:14:24.611556+01:00,barcode08,rabv_ea,11923,6477,6827,330,341,RABV_EA
abca5bbf-296c-4626-8e0c-216916ada1e9,470,2023-05-09T06:13:49.611556+01:00,barcode08,rabv_ea,11923,10167,10562,350,381,RABV_EA
542bdd47-277f-4085-a1a0-b56ab699ea06,227,2023-05-09T06:14:36.611556+01:00,barcode08,*,0,0,0,0,0,*
4d59f33e-f0cb-4229-ba49-d943c4d11dc2,535,2023-05-09T06:13:47.611556+01:00,barcode08,rabv_ea,11923,10164,10576,369,393,RABV_EA
5e22680b-a5e3-4bfe-8455-83d50ba858b4,879,2023-05-09T06:13:48.611556+01:00,barcode08,?,11923,0,0,379,403,?
4418d29d-4767-417a-a0c3-7fe4a6a78373,1336,2023-05-09T06:14:17.611556+01:00,barcode08,?,11923,0,0,391,400,?
5d93f711-b939-4e1d-9bf4-8d7d2641c7fa,692,2023-05-09T06:14:28.611556+01:00,barcode08,rabv_ea,11923,940,1322,351,372,RABV_EA
ee471597-12b1-45de-bcb3-83b1f494551b,866,2023-05-09T06:13:24.611556+01:00,barcode08,?,11923,0,0,358,376,?
7059f417-9900-441e-88b4-4f33b23fc7ad,223,2023-05-09T06:13:50.611556+01:00,barcode08,rabv_ea,11923,11350,11494,133,142,RABV_EA
6852214f-e3ca-4a08-929c-fb7288ae0838,861,2023-05-09T06:14:18.611556+01:00,barcode08,?,11923,0,0,359,385,?
451c6e05-2d26-40e5-8356-a562d6b7d127,460,2023-05-09T06:14:12.611556+01:00,barcode08,rabv_ea,11923,9851,10247,364,382,RABV_EA
bc37d6ee-c92e-45df-825d-bc9d05166676,484,2023-05-09T06:13:37.611556+01:00,barcode08,rabv_ea,11923,3062,3458,359,384,RABV_EA
86bf9872-74b3-46e9-b07a-d9f88b459dd2,943,2023-05-09T06:13:38.611556+01:00,barcode08,?,11923,0,0,368,390,?
7f18097a-c200-4475-bacd-0d742f5f7005,2083,2023-05-09T06:14:44.611556+01:00,barcode08,?,11923,0,0,394,399,?
680de992-e828-4d33-9013-cbb12ea96790,473,2023-05-09T06:14:38.611556+01:00,barcode08,rabv_ea,11923,5196,5594,369,387,RABV_EA
838459e5-4644-401c-9630-5a71769f29dc,237,2023-05-09T06:14:36.611556+01:00,barcode08,rabv_ea,11923,2179,2256,74,77,RABV_EA
7e2572d4-0b5a-4c12-9b3e-6235f30e5f32,594,2023-05-09T06:13:42.611556+01:00,barcode08,rabv_ea,11923,6427,6780,330,338,RABV_EA
0f16b4af-8545-4803-b4fd-750f63c575c6,534,2023-05-09T06:14:09.611556+01:00,barcode08,rabv_ea,11923,10164,10570,372,397,RABV_EA
cc11fe84-a217-4ecd-b81e-de21f4bbe3ce,941,2023-05-09T06:13:25.611556+01:00,barcode08,?,11923,0,0,389,411,?
5dd7f208-7b8c-4776-b332-fccaf607d218,458,2023-05-09T06:14:14.611556+01:00,barcode08,rabv_ea,11923,319,696,349,367,RABV_EA
a514ba7b-cda8-4d97-8d16-f65469242c04,473,2023-05-09T06:14:14.611556+01:00,barcode08,rabv_ea,11923,5209,5608,374,392,RABV_EA
1c273d90-c0a2-4b50-afe9-9f9be1f5af38,632,2023-05-09T06:14:39.611556+01:00,barcode08,?,11923,0,0,313,325,?
2753c374-1e28-4729-8ef2-4f1923088bee,506,2023-05-09T06:14:11.611556+01:00,barcode08,rabv_ea,11923,9536,9939,348,374,RABV_EA
b7ad8f45-2a8d-4141-98d2-29b133245226,477,2023-05-09T06:14:38.611556+01:00,barcode08,rabv_ea,11923,10164,10552,339,369,RABV_EA
f5cc1027-f583-44b4-bcc5-eb9227dd08cd,1291,2023-05-09T06:14:55.611556+01:00,barcode08,?,11923,0,0,372,401,?
f39ca4d3-9766-496b-a959-f4161568eb4e,506,2023-05-09T06:14:37.611556+01:00,barcode08,rabv_ea,11923,3412,3793,327,347,RABV_EA
1146a585-06ac-4606-9f26-96892171d8ed,457,2023-05-09T06:14:40.611556+01:00,barcode08,rabv_ea,11923,5196,5583,338,370,RABV_EA
be5249c7-807f-4886-a524-d2e668acc8e8,205,2023-05-09T06:14:16.611556+01:00,barcode08,*,0,0,0,0,0,*
d56ab812-fdc7-477a-8d24-1a65b43b8da6,912,2023-05-09T06:14:33.611556+01:00,barcode08,?,11923,0,0,365,389,?
fa70981c-d60c-4acd-b8ac-aa7ffc6c92af,415,2023-05-09T06:14:32.611556+01:00,barcode08,rabv_ea,11923,9545,9884,303,330,RABV_EA
c933e5fa-e604-406c-b058-56387e51e3e3,462,2023-05-09T06:13:40.611556+01:00,barcode08,?,11923,0,0,229,247,?
e2fcc303-722c-4487-88cb-6163d287126f,148,2023-05-09T06:14:33.611556+01:00,barcode08,rabv_ea,11923,10164,10237,71,73,RABV_EA
e0062fe8-6c0b-4d41-a113-1022d9164187,288,2023-05-09T06:13:39.611556+01:00,barcode08,rabv_ea,11923,2060,2213,147,150,RABV_EA
fad35266-e853-4121-a015-8264e3e98cb2,1287,2023-05-09T06:14:57.611556+01:00,barcode08,?,11923,0,0,371,390,?
667a8036-5be3-485f-a0cc-b70d550c716e,520,2023-05-09T06:14:34.611556+01:00,barcode08,rabv_ea,11923,6424,6827,372,386,RABV_EA
30a0cfce-282b-4b4e-9248-3dd96468f7cd,1290,2023-05-09T06:14:13.611556+01:00,barcode08,?,11923,0,0,371,387,?
1f83002c-3bfc-4ddc-b6c8-d2b433eff0c4,867,2023-05-09T06:14:40.611556+01:00,barcode08,?,11923,0,0,362,384,?
3d17fd2d-0da8-495a-8047-24cc5237b34d,396,2023-05-09T06:15:00.611556+01:00,barcode08,rabv_ea,11923,319,642,300,316,RABV_EA
d040a65f-8f16-4af0-9aec-d7bd00931454,533,2023-05-09T06:14:57.611556+01:00,barcode08,rabv_ea,11923,10169,10576,362,394,RABV_EA
f3055df1-1291-407b-a811-e51a2a371efa,461,2023-05-09T03:55:21.611556+01:00,barcode08,rabv_ea,11923,2733,3128,357,368,RABV_EA
c633053d-6ae3-4cbb-b575-17ab865acdba,499,2023-05-09T06:14:54.611556+01:00,barcode08,rabv_ea,11923,319,710,342,365,RABV_EA
621f046c-30a1-4e5a-b043-354a6969a833,1561,2023-05-09T06:14:13.611556+01:00,barcode08,rabv_ea,11923,1866,2223,325,342,RABV_EA
0487f639-adf4-42c7-9819-db54bc377f5f,478,2023-05-09T06:13:42.611556+01:00,barcode08,rabv_ea,11923,319,706,356,374,RABV_EA
01c5138a-59e2-4a76-a6e1-0824743cf15a,450,2023-05-09T03:55:21.611556+01:00,barcode08,rabv_ea,11923,9868,10252,347,370,RABV_EA
8aa56cbe-c699-4faa-9200-f98bb768be0e,746,2023-05-09T06:14:54.611556+01:00,barcode08,?,11923,0,0,341,359,?
c7865944-3e0b-405b-81cc-bb56e4098a43,536,2023-05-09T06:14:09.611556+01:00,barcode08,rabv_ea,11923,10164,10576,381,402,RABV_EA
288fdbe8-4e39-433d-9ea0-2ba03f3c7ced,440,2023-05-09T06:14:40.611556+01:00,barcode08,rabv_ea,11923,1864,2247,334,359,RABV_EA
d26a5a83-9805-48c8-93ae-bab5505319ff,2345,2023-05-09T06:14:08.611556+01:00,barcode08,?,11923,0,0,359,374,?
4ef40c9e-f558-472b-93b1-cf328c2a28c3,517,2023-05-09T06:14:12.611556+01:00,barcode08,rabv_ea,11923,10164,10576,369,394,RABV_EA
d46005ca-712e-43e5-86ca-e6d254324495,857,2023-05-09T06:13:44.611556+01:00,barcode08,?,11923,0,0,358,379,?
53b11baf-2af5-4e69-96ed-164640b962c8,509,2023-05-09T06:14:40.611556+01:00,barcode08,*,0,0,0,0,0,*
439d01b1-df28-4233-aaf4-49317baa0d50,449,2023-05-09T06:14:43.611556+01:00,barcode08,rabv_ea,11923,315,641,289,311,RABV_EA
08eee9ad-1422-44ce-93dd-d645f2314a10,715,2023-05-09T06:14:40.611556+01:00,barcode08,rabv_ea,11923,940,1337,373,390,RABV_EA
4dc4d2d9-a2c9-4b37-9477-6d43efa76ebe,948,2023-05-09T06:13:43.611556+01:00,barcode08,?,11923,0,0,371,392,?
05b6c7c4-121c-4bc7-9eb1-9ea7cce5daf7,257,2023-05-09T06:13:45.611556+01:00,barcode08,rabv_ea,11923,630,706,74,76,RABV_EA
d2b031db-c84c-4b8f-a088-1087cc56809b,910,2023-05-09T06:13:45.611556+01:00,barcode08,?,11923,0,0,375,390,?
6214311f-e99c-4efe-b600-47af911cfa4e,935,2023-05-09T03:55:17.611556+01:00,barcode08,?,11923,0,0,338,350,?
4da9823e-fb45-4279-b006-5f1acb1fa665,533,2023-05-09T06:14:39.611556+01:00,barcode08,rabv_ea,11923,8936,9325,372,386,RABV_EA
8d6eb9f7-2fdb-42ac-b9cf-7b83d3711d82,877,2023-05-09T06:14:22.611556+01:00,barcode08,?,11923,0,0,332,354,?
5c2b9033-a78c-4b85-bd3d-c4e557bdbff8,442,2023-05-09T06:13:49.611556+01:00,barcode08,rabv_ea,11923,319,696,345,362,RABV_EA
05a318b8-fcd2-496f-b181-29312cedc29f,529,2023-05-09T06:14:41.611556+01:00,barcode08,rabv_ea,11923,4699,5051,309,336,RABV_EA
145a53f1-24a5-4315-b9a0-8a8d9ce3a888,970,2023-05-09T06:14:24.611556+01:00,barcode08,?,11923,0,0,385,399,?
eee44018-c716-4560-ba6f-2b06f4a3a87e,460,2023-05-09T06:14:48.611556+01:00,barcode08,rabv_ea,11923,9851,10248,349,377,RABV_EA
8ca8dd41-4840-4ce3-9339-0e0fa225fc6d,932,2023-05-09T06:14:48.611556+01:00,barcode08,?,11923,0,0,389,403,?
e798b6df-fb4c-49fa-a070-ce56439f6e99,1219,2023-05-09T06:14:30.611556+01:00,barcode08,?,11923,0,0,393,407,?
8d0d1a6a-ce05-4af2-8ff6-3f03b325407f,724,2023-05-09T03:54:38.611556+01:00,barcode08,rabv_ea,11923,2735,3618,612,640,RABV_EA
1d933fe5-15e4-41b2-8cc2-f6b011defb4f,867,2023-05-09T06:14:18.611556+01:00,barcode08,?,11923,0,0,354,372,?
935264f9-2faf-41ea-b6e3-df12dfc99ddf,548,2023-05-09T06:14:21.611556+01:00,barcode08,rabv_ea,11923,10164,10575,370,403,RABV_EA
b4f2e695-2b7c-4d1c-a279-8fbf90c3a30d,528,2023-05-09T06:14:18.611556+01:00,barcode08,rabv_ea,11923,11101,11494,371,389,RABV_EA
cedfbcb8-fe44-4f62-9054-2a8222c72a84,971,2023-05-09T06:14:18.611556+01:00,barcode08,?,11923,0,0,380,395,?
7bb24d12-0dcd-443c-bb0e-4909daaea705,414,2023-05-09T06:14:25.611556+01:00,barcode08,rabv_ea,11923,1908,2217,289,302,RABV_EA
33c6fbf0-4fdf-44bd-abf3-c52eac33e659,591,2023-05-09T03:54:42.611556+01:00,barcode08,rabv_ea,11923,4643,5052,368,391,RABV_EA
573aecfd-e689-4a5d-a5ef-845bd7db9aa8,507,2023-05-09T06:14:22.611556+01:00,barcode08,rabv_ea,11923,10164,10562,350,385,RABV_EA
fa9ae997-3a29-4215-b289-a0c81f0cf3d6,875,2023-05-09T06:14:39.611556+01:00,barcode08,?,11923,0,0,373,386,?
cb905600-ce8c-40f5-9759-69b09a723e5e,886,2023-05-09T06:14:40.611556+01:00,barcode08,?,11923,0,0,380,398,?
ab593ecd-3ab3-4842-89de-37b2915233c5,525,2023-05-09T06:14:18.611556+01:00,barcode08,rabv_ea,11923,3062,3471,354,383,RABV_EA
ad7dc485-0289-48ba-b141-79eb49bbc44d,581,2023-05-09T06:14:24.611556+01:00,barcode08,rabv_ea,11923,6424,6832,378,391,RABV_EA
8244758c-ba74-4755-89f2-0d7466aca5bf,538,2023-05-09T06:14:22.611556+01:00,barcode08,rabv_ea,11923,10169,10576,366,394,RABV_EA
dda63552-6380-430a-b375-da6f8286118e,1564,2023-05-09T06:14:23.611556+01:00,barcode08,?,11923,0,0,379,397,?
0c885e77-c8e1-4d44-8d8c-12571bee3deb,1709,2023-05-09T03:54:38.611556+01:00,barcode08,?,11923,0,0,386,401,?
dd746af3-6dd6-4f59-acbb-0fcf1e07fdc0,529,2023-05-09T03:54:39.611556+01:00,barcode08,rabv_ea,11923,319,709,351,380,RABV_EA
e589eb7d-fc5e-4b23-b322-665f46b4e686,528,2023-05-09T06:14:39.611556+01:00,barcode08,rabv_ea,11923,10172,10576,356,387,RABV_EA
059e4d2e-deb2-44ac-a7d8-5fb37b91271c,425,2023-05-09T06:14:33.611556+01:00,barcode08,rabv_ea,11923,8991,9325,289,318,RABV_EA
4ff905f9-2a1c-46de-937c-9151fed2461a,454,2023-05-09T06:14:33.611556+01:00,barcode08,rabv_ea,11923,9560,9907,308,335,RABV_EA
654a116e-61ad-47ef-8b95-90b628459159,454,2023-05-09T06:14:34.611556+01:00,barcode08,rabv_ea,11923,70,459,360,377,RABV_EA
8aa46309-6546-45e2-8cda-326430bf8c4f,507,2023-05-09T06:15:14.611556+01:00,barcode08,rabv_ea,11923,10164,10585,344,382,RABV_EA
1f1d8eab-a918-4269-8644-6f3ca3242594,1117,2023-05-09T06:14:29.611556+01:00,barcode08,?,11923,0,0,390,403,?
26366ed4-5a2b-445b-bada-39c9dde35a6f,1005,2023-05-09T06:14:48.611556+01:00,barcode08,?,11923,0,0,376,394,?
64114985-aa58-4b2e-ac1c-27ada3ac4c45,440,2023-05-09T06:14:14.611556+01:00,barcode08,rabv_ea,11923,11116,11494,328,351,RABV_EA
76b56f9b-f7c2-479e-b8a2-31a94fcd70c7,272,2023-05-09T06:14:51.611556+01:00,barcode08,*,0,0,0,0,0,*
fa2d685d-f82d-4222-b0fd-8e59683b8df6,293,2023-05-09T06:14:32.611556+01:00,barcode08,rabv_ea,11923,4339,4533,181,192,RABV_EA
4688b218-dcc9-4378-908e-dc288aa89bbc,476,2023-05-09T06:14:35.611556+01:00,barcode08,rabv_ea,11923,3409,3791,343,371,RABV_EA
b5711444-bb7f-4bb2-8558-e364effbf4bd,265,2023-05-09T06:14:20.611556+01:00,barcode08,rabv_ea,11923,2110,2264,145,150,RABV_EA
df2f0dbd-cb04-424d-aefc-2e18773270e4,750,2023-05-09T06:14:20.611556+01:00,barcode08,*,0,0,0,0,0,*
34327873-f9d7-451b-935a-2dadcbb4215f,544,2023-05-09T06:14:31.611556+01:00,barcode08,rabv_ea,11923,10164,10573,366,399,RABV_EA
2bfd7771-4d75-4cd8-8ec5-4e1b0d884ef4,451,2023-05-09T06:14:34.611556+01:00,barcode08,rabv_ea,11923,1873,2242,338,356,RABV_EA
b6a0b0b5-f4e7-4524-87f6-045e3f71f89a,428,2023-05-09T06:14:16.611556+01:00,barcode08,rabv_ea,11923,1864,2239,331,353,RABV_EA
b0516c4c-186b-46f0-97f3-7c759c3abd37,525,2023-05-09T06:14:32.611556+01:00,barcode08,rabv_ea,11923,8927,9325,370,385,RABV_EA
7e927db7-436a-431d-b5a6-c2e9880d5bc7,531,2023-05-09T06:14:48.611556+01:00,barcode08,rabv_ea,11923,10164,10576,379,406,RABV_EA
786fb815-c2c2-4282-8c88-be6e43202929,395,2023-05-09T06:14:34.611556+01:00,barcode08,rabv_ea,11923,6537,6828,284,289,RABV_EA
456927b9-a868-4b4a-a378-36f6b95a5d5a,419,2023-05-09T06:14:34.611556+01:00,barcode08,rabv_ea,11923,1884,2243,298,321,RABV_EA
c4365886-3d18-425a-a3b1-869e07cc8924,1740,2023-05-09T06:15:09.611556+01:00,barcode08,?,11923,0,0,388,400,?
b5843e7c-f72c-44c0-b580-cd170cf9bed5,326,2023-05-09T06:14:50.611556+01:00,barcode08,rabv_ea,11923,1544,1634,89,90,RABV_EA
1c2ec95d-2a4d-43bd-acba-0feea8df6388,514,2023-05-09T06:15:06.611556+01:00,barcode08,rabv_ea,11923,319,710,370,388,RABV_EA
4a5e7c7d-92da-443f-b337-7b01caf828b3,531,2023-05-09T06:14:37.611556+01:00,barcode08,rabv_ea,11923,10172,10576,373,396,RABV_EA
da28bcf6-fcfa-4a82-9402-a0d49205ae3a,735,2023-05-09T06:15:14.611556+01:00,barcode08,*,0,0,0,0,0,*
1b0fe6bf-cc91-44bc-a9e6-179aa4bea6f7,472,2023-05-09T06:15:29.611556+01:00,barcode08,rabv_ea,11923,11406,11796,359,384,RABV_EA
eed7e862-2d30-4a07-b232-fe3f3352faaf,889,2023-05-09T06:14:16.611556+01:00,barcode08,?,11923,0,0,378,394,?
6a75b9e2-5979-4c29-84c5-7d8bd6b58ef1,844,2023-05-09T06:14:13.611556+01:00,barcode08,?,11923,0,0,362,376,?
de0fa679-45f6-46c0-bf34-b7740806391d,930,2023-05-09T06:14:48.611556+01:00,barcode08,?,11923,0,0,370,388,?
e9d354be-7ece-478a-a8b8-dca19bf0f091,512,2023-05-09T06:15:17.611556+01:00,barcode08,rabv_ea,11923,1864,2261,351,376,RABV_EA
57624d09-f525-443d-ae4e-70b71814cac7,458,2023-05-09T06:15:16.611556+01:00,barcode08,rabv_ea,11923,10170,10560,349,378,RABV_EA
398cd99c-3812-4442-a687-e560ceca1640,236,2023-05-09T06:15:17.611556+01:00,barcode08,*,0,0,0,0,0,*
917761e7-776b-41e3-86c7-283f4e5da22c,430,2023-05-09T06:14:15.611556+01:00,barcode08,rabv_ea,11923,319,695,328,346,RABV_EA
c7fc03d1-f62e-4cd9-97aa-d198b00ddc9f,1582,2023-05-09T06:15:14.611556+01:00,barcode08,?,11923,0,0,360,389,?
3389c49b-110e-4f86-add9-13ef79298e5a,535,2023-05-09T06:14:45.611556+01:00,barcode08,rabv_ea,11923,3397,3791,374,389,RABV_EA
7b5932f6-bba5-427a-bf69-4fd59e1c1e59,516,2023-05-09T06:14:46.611556+01:00,barcode08,rabv_ea,11923,319,706,348,370,RABV_EA
3357251a-9d41-4d72-8a10-7883c4a5c2d4,411,2023-05-09T06:15:31.611556+01:00,barcode08,rabv_ea,11923,2623,2842,210,216,RABV_EA
2cab0eae-8be3-400d-8ef8-4cf3850c7261,353,2023-05-09T06:15:24.611556+01:00,barcode08,*,0,0,0,0,0,*
a5c31ff6-05fa-4134-afa5-3940afad28d0,469,2023-05-09T06:14:23.611556+01:00,barcode08,rabv_ea,11923,2733,3130,361,382,RABV_EA
0e995d0e-c60a-4207-ade7-0d31fc154a59,1063,2023-05-09T06:14:21.611556+01:00,barcode08,?,11923,0,0,373,388,?
b20c2b77-5f71-4024-88a2-36d6c0d37f99,455,2023-05-09T06:15:07.611556+01:00,barcode08,rabv_ea,11923,2740,3129,359,375,RABV_EA
15783ea0-cea8-432b-8b96-626a750590e6,243,2023-05-09T06:14:37.611556+01:00,barcode08,rabv_ea,11923,2181,2264,83,83,RABV_EA
a0868b95-6d86-41af-9023-0b4e09501672,519,2023-05-09T06:14:24.611556+01:00,barcode08,rabv_ea,11923,6424,6827,373,390,RABV_EA
5a1fa013-8f5b-412e-8a9a-bce7e57a378e,450,2023-05-09T06:15:49.611556+01:00,barcode08,rabv_ea,11923,1879,2264,352,369,RABV_EA
a719f200-2b95-4916-9471-e69790363693,765,2023-05-09T06:14:32.611556+01:00,barcode08,?,11923,0,0,355,369,?
ca381cad-dcd9-46f2-8198-741953849f06,503,2023-05-09T06:14:44.611556+01:00,barcode08,rabv_ea,11923,319,710,345,372,RABV_EA
4e1de3d1-0dc1-42c3-b106-9690c58e9319,473,2023-05-09T06:14:44.611556+01:00,barcode08,rabv_ea,11923,5211,5608,366,389,RABV_EA
6a7c5f95-9705-4724-9025-c57a22a8669c,878,2023-05-09T06:14:44.611556+01:00,barcode08,?,11923,0,0,377,389,?
3ba57648-f392-4605-9866-c5f25a8c2c1b,959,2023-05-09T06:15:23.611556+01:00,barcode08,?,11923,0,0,379,394,?
f5ba855f-bc3e-4b89-b872-338b904375e3,861,2023-05-09T06:15:04.611556+01:00,barcode08,?,11923,0,0,347,373,?
f4889fd0-c32a-49ec-9442-f451bc6075d9,1732,2023-05-09T06:15:02.611556+01:00,barcode08,?,11923,0,0,368,388,?
72b798c9-12ca-469c-a4e4-959b6a01fc08,883,2023-05-09T06:14:43.611556+01:00,barcode08,?,11923,0,0,378,396,?
f204b2e2-7960-435b-ba6b-841707ff43c8,525,2023-05-09T06:15:28.611556+01:00,barcode08,rabv_ea,11923,8927,9310,338,354,RABV_EA
8f194bad-f18c-4b43-b131-172165fa8de0,890,2023-05-09T06:14:45.611556+01:00,barcode08,?,11923,0,0,388,405,?
8175f31f-eb16-44c4-a75d-4d4fbe6d1bb9,887,2023-05-09T06:14:59.611556+01:00,barcode08,?,11923,0,0,337,358,?
40967660-d69d-4105-a209-c5a4f9fb87b7,452,2023-05-09T06:14:54.611556+01:00,barcode08,rabv_ea,11923,4270,4404,120,132,RABV_EA
149f74d5-a00f-47e1-8d16-c800d4034375,541,2023-05-09T06:15:45.611556+01:00,barcode08,rabv_ea,11923,10169,10576,359,396,RABV_EA
b46d229d-9c65-4d9a-9364-3da4cdd59e59,420,2023-05-09T06:15:44.611556+01:00,barcode08,rabv_ea,11923,9898,10260,333,347,RABV_EA
02dc2a6f-c6f2-432a-8686-5cba78568b76,202,2023-05-09T06:14:59.611556+01:00,barcode08,rabv_ea,11923,59,187,113,117,RABV_EA
f645deb4-d54a-418f-807b-35b082d178ae,877,2023-05-09T06:14:22.611556+01:00,barcode08,?,11923,0,0,370,385,?
54181e66-2a8f-4ec8-8a1d-6c6fcaa892f7,877,2023-05-09T06:14:54.611556+01:00,barcode08,?,11923,0,0,352,378,?
fbf04e94-9a96-4dd5-8549-1e92b8ee5c74,852,2023-05-09T06:14:24.611556+01:00,barcode08,?,11923,0,0,371,388,?
561fa5d3-7102-40b6-87fa-7d43c58ae2e1,519,2023-05-09T06:15:51.611556+01:00,barcode08,rabv_ea,11923,8927,9314,364,375,RABV_EA
3232e58f-34a8-4a41-8c29-9d0fe5307a27,991,2023-05-09T06:15:07.611556+01:00,barcode08,?,11923,0,0,378,401,?
c6a1fff9-1ebd-4c83-ba9d-0385fe918975,496,2023-05-09T06:15:09.611556+01:00,barcode08,rabv_ea,11923,322,709,333,355,RABV_EA
c2404e7f-6030-4735-8569-5e338eb8dee2,459,2023-05-09T06:15:01.611556+01:00,barcode08,rabv_ea,11923,11096,11482,359,375,RABV_EA
e014c9c8-4f38-4f9d-b5da-7e49f41dd0f1,175,2023-05-09T06:15:09.611556+01:00,barcode08,rabv_ea,11923,1537,1619,76,79,RABV_EA
d2501590-f20d-40c1-88ef-d006eccbc62d,511,2023-05-09T06:14:59.611556+01:00,barcode08,rabv_ea,11923,10164,10576,364,390,RABV_EA
7e7ebf34-b111-4db4-8e50-5e3675d30255,521,2023-05-09T06:14:58.611556+01:00,barcode08,rabv_ea,11923,6137,6528,356,372,RABV_EA
f2acb7e1-a62e-40ae-94c0-f06e568fb1c4,222,2023-05-09T06:15:06.611556+01:00,barcode08,rabv_ea,11923,2173,2264,82,86,RABV_EA
71e6f7de-400e-49ec-b1a9-73eb21d0dadc,483,2023-05-09T06:14:53.611556+01:00,barcode08,rabv_ea,11923,10164,10561,359,386,RABV_EA
38accf84-80d4-4aea-966d-3034d311dfb6,388,2023-05-09T06:14:55.611556+01:00,barcode08,rabv_ea,11923,4785,5040,239,252,RABV_EA
df270439-c8ac-47f2-83c5-952717151e66,216,2023-05-09T06:15:47.611556+01:00,barcode08,*,0,0,0,0,0,*
a155bf5e-86a3-4a8b-bcfe-c10edf40795b,497,2023-05-09T06:15:52.611556+01:00,barcode08,rabv_ea,11923,358,710,309,337,RABV_EA
615af5a9-ef98-4144-bf22-03867f8b8ea5,529,2023-05-09T06:14:58.611556+01:00,barcode08,rabv_ea,11923,9851,10263,387,400,RABV_EA
e750f0cd-d371-4225-8424-08622edb8849,1298,2023-05-09T06:14:55.611556+01:00,barcode08,?,11923,0,0,389,401,?
a99d1098-bf34-4b9e-ba16-086b4086262f,462,2023-05-09T06:15:47.611556+01:00,barcode08,rabv_ea,11923,9852,10250,350,378,RABV_EA
a1efeebb-47ba-4dc1-9f4c-472f706893f2,858,2023-05-09T06:14:56.611556+01:00,barcode08,?,11923,0,0,368,387,?
bfa794bb-9473-48cc-bfd4-23472ce86092,1722,2023-05-09T06:16:10.611556+01:00,barcode08,?,11923,0,0,366,381,?
c322744d-ff29-4c0c-bfbc-c21979e67952,369,2023-05-09T06:14:11.611556+01:00,barcode08,rabv_ea,11923,346,588,227,237,RABV_EA
40e435b6-16c7-43f3-a4bf-82a6a39f2825,1191,2023-05-09T06:14:59.611556+01:00,barcode08,?,11923,0,0,303,321,?
a546443d-faee-4c92-9304-f8a66f79b9b5,447,2023-05-09T06:15:37.611556+01:00,barcode08,rabv_ea,11923,10182,10570,332,357,RABV_EA
985a065a-8445-4ee1-861d-b36a5be6a0d6,518,2023-05-09T06:15:46.611556+01:00,barcode08,rabv_ea,11923,11398,11680,237,260,RABV_EA
664b5cda-6a34-45e5-8b40-8905d6891cfb,448,2023-05-09T06:15:47.611556+01:00,barcode08,rabv_ea,11923,319,695,349,369,RABV_EA
93591c0a-26d8-4ea9-b8d8-5915587c160a,863,2023-05-09T06:15:10.611556+01:00,barcode08,?,11923,0,0,380,397,?
de379155-35c2-4c3a-94cc-ec0e765e92c6,296,2023-05-09T06:15:00.611556+01:00,barcode08,*,0,0,0,0,0,*
2178aa07-71e8-496d-a2cc-8e3a5a64bfcd,468,2023-05-09T06:15:00.611556+01:00,barcode08,rabv_ea,11923,9851,10246,361,378,RABV_EA
6fc9dce5-45ff-48fe-b80f-0986e18184a0,529,2023-05-09T06:15:53.611556+01:00,barcode08,rabv_ea,11923,9862,10263,365,389,RABV_EA
9af58060-1040-48a6-8a46-bc0aec43c107,496,2023-05-09T06:15:01.611556+01:00,barcode08,rabv_ea,11923,328,650,290,307,RABV_EA
6d64b7eb-70bf-4622-9bbf-b486528a3fd6,262,2023-05-09T06:15:03.611556+01:00,barcode08,rabv_ea,11923,3062,3247,168,176,RABV_EA
2e0d2f5d-6b68-49e4-8939-14ce4dc9fa18,2528,2023-05-09T06:16:04.611556+01:00,barcode08,?,11923,0,0,387,406,?
461b0229-c827-49d4-ab1d-018584c9d734,474,2023-05-09T06:15:44.611556+01:00,barcode08,rabv_ea,11923,4644,5032,341,371,RABV_EA
86cf05c3-5b5e-420b-82de-c58ce834b939,570,2023-05-09T06:15:55.611556+01:00,barcode08,rabv_ea,11923,10164,10572,355,383,RABV_EA
a52fc31e-b2fa-4def-bcb8-1b37284d23ed,518,2023-05-09T06:15:11.611556+01:00,barcode08,rabv_ea,11923,1864,2261,369,387,RABV_EA
36990989-c653-4979-a4c3-d523a6642eb7,467,2023-05-09T06:14:10.611556+01:00,barcode08,rabv_ea,11923,9851,10247,377,388,RABV_EA
b4e84c17-0384-4ccb-9cb7-64efac095b60,480,2023-05-09T06:16:14.611556+01:00,barcode08,rabv_ea,11923,5241,5608,337,356,RABV_EA
113a096a-7e4b-4892-a0eb-05425435410b,268,2023-05-09T06:15:42.611556+01:00,barcode08,rabv_ea,11923,3062,3252,175,183,RABV_EA
dc33f9cd-d506-4952-aa59-b4b4e0b2c8f3,401,2023-05-09T06:15:43.611556+01:00,barcode08,rabv_ea,11923,1011,1338,305,323,RABV_EA
39f4a181-616a-4571-bbf6-3459970b5f96,1035,2023-05-09T06:16:11.611556+01:00,barcode08,?,11923,0,0,381,395,?
007f5762-7c86-4a57-aec9-7a1801b9fb41,535,2023-05-09T06:16:14.611556+01:00,barcode08,rabv_ea,11923,10164,10577,381,403,RABV_EA
fd0602d9-9831-4124-8861-02a992cf9f5c,522,2023-05-09T06:15:07.611556+01:00,barcode08,rabv_ea,11923,9851,10260,385,398,RABV_EA
3b90f3b8-992b-4760-a56c-8741dce2ac11,2167,2023-05-09T06:15:03.611556+01:00,barcode08,?,11923,0,0,391,402,?
4e33e071-3d2a-46e9-98b5-19309e56ec82,509,2023-05-09T06:15:18.611556+01:00,barcode08,rabv_ea,11923,9862,10263,361,376,RABV_EA
9bf45baf-d8a0-4caa-9f84-42876b43a4a9,867,2023-05-09T06:15:17.611556+01:00,barcode08,?,11923,0,0,350,370,?
e52a642f-3929-440a-8600-6d57da51cf7d,479,2023-05-09T06:15:04.611556+01:00,barcode08,rabv_ea,11923,10166,10560,360,386,RABV_EA
3c8bf5cb-b4d6-4fae-b361-e1b00bada679,520,2023-05-09T06:15:12.611556+01:00,barcode08,rabv_ea,11923,10164,10569,353,382,RABV_EA
257e7743-fcf4-45b2-a62f-195293c34a2c,245,2023-05-09T06:15:10.611556+01:00,barcode08,rabv_ea,11923,3062,3203,135,139,RABV_EA
8698661d-f607-4f6d-a650-9de30403ea98,548,2023-05-09T06:15:07.611556+01:00,barcode08,rabv_ea,11923,10164,10576,365,393,RABV_EA
7c978421-d5e4-4e6b-838d-3a40c5c1352a,478,2023-05-09T06:15:08.611556+01:00,barcode08,rabv_ea,11923,10164,10563,360,391,RABV_EA
a0fe3944-4564-4f93-8c90-8324e640a056,530,2023-05-09T06:16:10.611556+01:00,barcode08,rabv_ea,11923,9851,10263,377,403,RABV_EA
d1956b2c-2216-4a8a-b97e-932d67acd07f,524,2023-05-09T06:16:13.611556+01:00,barcode08,rabv_ea,11923,65,455,356,373,RABV_EA
55bdfaaf-eb43-468b-9222-e9fb098fc4e3,473,2023-05-09T06:16:06.611556+01:00,barcode08,rabv_ea,11923,4657,5037,325,363,RABV_EA
ba1ed9ad-3003-46e4-910b-0e25c58afc24,913,2023-05-09T06:15:16.611556+01:00,barcode08,?,11923,0,0,348,366,?
3e9bae86-5789-4e43-a629-9a7e4a77fb43,1257,2023-05-09T06:16:05.611556+01:00,barcode08,rabv_ea,11923,4626,5050,378,411,RABV_EA
23d56bb9-c1ff-4bc5-9b58-a69f7981487a,392,2023-05-09T06:16:08.611556+01:00,barcode08,rabv_ea,11923,6483,6807,289,309,RABV_EA
dc62a116-99ea-495e-ba71-f4c904dbc8cc,852,2023-05-09T06:15:12.611556+01:00,barcode08,rabv_ea,11923,1873,2221,314,336,RABV_EA
c7010107-9366-40ed-b121-f05813cd9cc4,762,2023-05-09T06:15:11.611556+01:00,barcode08,?,11923,0,0,311,342,?
8457932e-1abd-4a6d-ae5a-2a2f1aea1091,865,2023-05-09T06:16:02.611556+01:00,barcode08,?,11923,0,0,370,386,?
672b55a3-2072-4cdf-8401-0a22611b7558,453,2023-05-09T06:16:10.611556+01:00,barcode08,rabv_ea,11923,1877,2261,344,364,RABV_EA
0d5e4579-63a2-4344-bbd7-02103a039119,450,2023-05-09T06:15:11.611556+01:00,barcode08,rabv_ea,11923,11111,11494,345,363,RABV_EA
9d2f4119-6f29-4291-ae41-ef6c14f5d11f,935,2023-05-09T06:16:01.611556+01:00,barcode08,?,11923,0,0,365,382,?
c36b7500-92d7-489f-ac74-b154c64cedff,546,2023-05-09T06:15:18.611556+01:00,barcode08,rabv_ea,11923,3087,3471,348,366,RABV_EA
e9db75a7-93a7-496b-9526-20377928b3c6,1302,2023-05-09T06:16:03.611556+01:00,barcode08,?,11923,0,0,389,397,?
92938b88-3322-4da9-b24b-e75f6128a558,1273,2023-05-09T06:16:01.611556+01:00,barcode08,?,11923,0,0,333,351,?
121c1b66-a21b-40db-bbbb-8d1aa1361016,1226,2023-05-09T06:16:00.611556+01:00,barcode08,?,11923,0,0,352,377,?
3c373707-da09-46de-b480-ca4c80dd89d8,499,2023-05-09T06:15:08.611556+01:00,barcode08,rabv_ea,11923,319,711,351,374,RABV_EA
f2fa6ce4-d038-4981-b3ed-9a5ea0559868,453,2023-05-09T06:16:02.611556+01:00,barcode08,rabv_ea,11923,11112,11494,364,375,RABV_EA
e090b9ac-144f-4e61-a88a-737bf267c2ab,987,2023-05-09T06:15:10.611556+01:00,barcode08,?,11923,0,0,380,402,?
675db96a-e42a-42e9-ba6f-bd0a2491101b,394,2023-05-09T06:16:05.611556+01:00,barcode08,rabv_ea,11923,1927,2255,285,307,RABV_EA
8406b5d4-0439-49ae-bbb6-2b05e34e6efa,455,2023-05-09T06:16:04.611556+01:00,barcode08,rabv_ea,11923,9881,10239,318,336,RABV_EA
ac4416c8-90cd-45ab-8e8f-ee75dfe57b09,229,2023-05-09T06:15:28.611556+01:00,barcode08,*,0,0,0,0,0,*
8adb22e4-0697-4ea8-a4a8-cc7255a746c1,483,2023-05-09T06:15:25.611556+01:00,barcode08,rabv_ea,11923,2733,3133,379,396,RABV_EA
dac4007f-4a0b-477e-a651-feb29e839643,290,2023-05-09T06:16:03.611556+01:00,barcode08,rabv_ea,11923,3062,3242,161,174,RABV_EA
a93e9be5-868b-4cd6-bef0-224b40269e8a,468,2023-05-09T06:15:13.611556+01:00,barcode08,rabv_ea,11923,2733,3136,370,387,RABV_EA
154630f9-9018-4fdf-9f6f-57abbb3715c8,423,2023-05-09T06:15:17.611556+01:00,barcode08,rabv_ea,11923,944,1293,324,346,RABV_EA
92d9b227-9ad4-44dc-9196-1d4a4e58220b,481,2023-05-09T06:15:28.611556+01:00,barcode08,rabv_ea,11923,613,1017,383,399,RABV_EA
b6f37d30-5c91-4a5b-bcdb-5f9016d7e1ac,470,2023-05-09T06:15:26.611556+01:00,barcode08,rabv_ea,11923,9851,10239,366,375,RABV_EA
5f7a2230-fe54-4142-8172-e92ee127b603,408,2023-05-09T06:16:05.611556+01:00,barcode08,rabv_ea,11923,3064,3404,311,329,RABV_EA
6431af9e-4970-4280-83c2-ace4542d3c5c,468,2023-05-09T03:54:16.611556+01:00,barcode08,rabv_ea,11923,11110,11486,346,370,RABV_EA
cfa49dba-453f-4784-bb9d-ee00488802cb,869,2023-05-09T06:16:05.611556+01:00,barcode08,?,11923,0,0,355,373,?
8086be67-99b1-494d-abba-db845cd7e37f,540,2023-05-09T06:15:17.611556+01:00,barcode08,rabv_ea,11923,320,707,366,380,RABV_EA
e5411069-0a02-48e4-bc34-003d633bc015,520,2023-05-09T06:15:17.611556+01:00,barcode08,rabv_ea,11923,4626,5051,392,415,RABV_EA
94eb8615-bdcf-4b92-b027-176346660790,540,2023-05-09T06:16:02.611556+01:00,barcode08,rabv_ea,11923,5197,5608,388,403,RABV_EA
a0039fc7-7054-4200-ada4-825b1817c2e1,1662,2023-05-09T06:15:59.611556+01:00,barcode08,?,11923,0,0,369,381,?
ad23ff2e-aee9-40b8-9a2b-41e52c2b2f1e,642,2023-05-09T03:53:39.611556+01:00,barcode08,rabv_ea,11923,9851,10262,387,401,RABV_EA
b9cc20f4-a613-4092-9a6b-4844301e4e58,1227,2023-05-09T03:53:36.611556+01:00,barcode08,?,11923,0,0,392,404,?
597fdfd7-79fd-4dee-ae09-4ac9983894f3,205,2023-05-09T06:16:18.611556+01:00,barcode08,*,0,0,0,0,0,*
fcbe6754-4f6b-4607-82b4-6f8af84fae1c,531,2023-05-09T06:16:17.611556+01:00,barcode08,rabv_ea,11923,10164,10571,375,398,RABV_EA
7e2c3512-a94a-488d-9ee5-6615dff3723f,881,2023-05-09T03:53:37.611556+01:00,barcode08,?,11923,0,0,320,337,?
d550d1fc-68ce-44cb-8049-8c14104c07a1,511,2023-05-09T03:54:14.611556+01:00,barcode08,rabv_ea,11923,613,1034,379,408,RABV_EA
cfca475b-c468-4cad-b703-c7dc7260f803,920,2023-05-09T06:16:14.611556+01:00,barcode08,?,11923,0,0,394,406,?
d7482cd6-5e5f-4cf2-90e7-130c531ad630,840,2023-05-09T03:54:14.611556+01:00,barcode08,?,11923,0,0,376,389,?
d320e0fd-ace4-4e49-bdff-41e25b29487e,477,2023-05-09T03:54:12.611556+01:00,barcode08,rabv_ea,11923,3399,3765,324,355,RABV_EA
6381099f-952a-4efe-bdbf-442d843590d5,1269,2023-05-09T03:54:10.611556+01:00,barcode08,?,11923,0,0,362,370,?
0fad3cb6-cc38-43d9-a6fe-30a5f897fe84,875,2023-05-09T03:53:38.611556+01:00,barcode08,?,11923,0,0,389,414,?
6d4228c7-ef16-4741-ae9f-d57b85965dbb,503,2023-05-09T03:54:14.611556+01:00,barcode08,rabv_ea,11923,319,701,339,358,RABV_EA
ab53f67e-17e6-43c6-8c6c-41ec77e28519,463,2023-05-09T06:15:27.611556+01:00,barcode08,rabv_ea,11923,9851,10247,368,384,RABV_EA
9abd4e36-a4fd-4d06-97b4-2bdc99ecf9ad,523,2023-05-09T03:54:13.611556+01:00,barcode08,rabv_ea,11923,3385,3791,374,394,RABV_EA
d15054c3-634f-456d-9449-739bc6ce64e9,305,2023-05-09T03:53:41.611556+01:00,barcode08,rabv_ea,11923,5083,5283,181,197,RABV_EA
947d6040-ad71-477d-9159-38e0f1c592a0,850,2023-05-09T06:15:23.611556+01:00,barcode08,rabv_ea,11923,9854,10245,351,376,RABV_EA
b516cb4c-5fed-47bf-93db-2b1610d1352c,1270,2023-05-09T06:16:15.611556+01:00,barcode08,?,11923,0,0,393,405,?
90fbe486-9ed4-402b-a3ec-56d8740087c9,369,2023-05-09T06:16:17.611556+01:00,barcode08,rabv_ea,11923,5016,5276,236,255,RABV_EA
0651f270-9e1c-409f-8e62-fdfce4c5a097,475,2023-05-09T06:15:31.611556+01:00,barcode08,rabv_ea,11923,4626,5037,373,399,RABV_EA
80ee4e23-b5db-4785-a922-eeae2e086a79,506,2023-05-09T06:15:49.611556+01:00,barcode08,rabv_ea,11923,1870,2187,277,301,RABV_EA
647167b1-7c50-41aa-9686-1674631cf6ea,452,2023-05-09T06:15:51.611556+01:00,barcode08,rabv_ea,11923,319,688,349,364,RABV_EA
3077f6e7-faba-46d4-93e7-51620ca323f3,467,2023-05-09T06:16:17.611556+01:00,barcode08,rabv_ea,11923,11392,11780,364,383,RABV_EA
28c81a1e-8856-4dfb-a10d-fbe7c03e2808,528,2023-05-09T06:16:14.611556+01:00,barcode08,rabv_ea,11923,9851,10263,369,393,RABV_EA
f2549797-7f86-4907-9f77-14d1b3d5cd30,276,2023-05-09T06:16:35.611556+01:00,barcode08,*,0,0,0,0,0,*
4e41f276-c4d8-49c5-9fb7-0714b746a10c,475,2023-05-09T06:15:49.611556+01:00,barcode08,rabv_ea,11923,9853,10240,364,375,RABV_EA
9f49fabc-71a8-4f61-86b4-5f9ed57d97b8,470,2023-05-09T06:15:52.611556+01:00,barcode08,rabv_ea,11923,2733,3129,364,385,RABV_EA
5cb7da94-ccd5-4d91-b874-1a4cbfc94323,729,2023-05-09T06:16:03.611556+01:00,barcode08,?,11923,0,0,382,405,?
aedd8f7e-3837-48d6-8142-d41244caf20a,549,2023-05-09T06:16:18.611556+01:00,barcode08,rabv_ea,11923,10164,10576,361,400,RABV_EA
72db8a40-dc67-45cd-b57a-bd6163617c8e,472,2023-05-09T06:16:16.611556+01:00,barcode08,rabv_ea,11923,4645,5053,369,393,RABV_EA
9fef1f06-fa9f-4e22-8d44-d465d3b8f839,1083,2023-05-09T06:15:31.611556+01:00,barcode08,?,11923,0,0,356,396,?
34f8ad21-153f-422a-842a-6170edceb70d,920,2023-05-09T06:16:17.611556+01:00,barcode08,?,11923,0,0,375,397,?
9080a755-070b-4817-b27e-71d327b15944,528,2023-05-09T06:16:28.611556+01:00,barcode08,rabv_ea,11923,10170,10573,360,387,RABV_EA
1bd306e4-dccd-4cdd-8152-cc26f0dcdc23,345,2023-05-09T06:16:32.611556+01:00,barcode08,rabv_ea,11923,613,918,238,255,RABV_EA
582e5f94-5d62-4eda-a819-faa2eeaac312,885,2023-05-09T06:15:31.611556+01:00,barcode08,?,11923,0,0,387,403,?
1bc6c9f7-37cc-4e41-ab49-ede664eafac9,830,2023-05-09T06:15:19.611556+01:00,barcode08,?,11923,0,0,354,383,?
e5ce9248-9898-40c1-9eab-790d44d6636f,470,2023-05-09T06:15:35.611556+01:00,barcode08,rabv_ea,11923,11423,11796,347,369,RABV_EA
1b099305-0a95-4c8e-a08f-02877a693e8e,493,2023-05-09T06:15:19.611556+01:00,barcode08,rabv_ea,11923,8941,9324,359,374,RABV_EA
b355e5a6-6181-49b0-9df3-50e64b5ebdc7,1240,2023-05-09T06:16:30.611556+01:00,barcode08,?,11923,0,0,360,378,?
1af7be45-f4b2-482a-a554-cb2a400da189,321,2023-05-09T06:15:21.611556+01:00,barcode08,rabv_ea,11923,1864,2111,224,242,RABV_EA
b07f5097-8923-4e99-89f6-1446c2f25b70,2123,2023-05-09T06:16:25.611556+01:00,barcode08,?,11923,0,0,362,380,?
34de1e83-219b-44dd-9752-6467e2ad3a4e,450,2023-05-09T06:15:51.611556+01:00,barcode08,rabv_ea,11923,84,447,329,345,RABV_EA
7444609c-d0c1-4ecb-b0c2-9e806e28164c,478,2023-05-09T06:15:51.611556+01:00,barcode08,rabv_ea,11923,4626,5038,362,400,RABV_EA
8b46ddb6-48a2-46bd-a0ad-ce260bb83821,474,2023-05-09T06:15:39.611556+01:00,barcode08,rabv_ea,11923,10170,10562,345,377,RABV_EA
3747c287-c3fe-4c9d-bb80-b32920b49a7a,453,2023-05-09T03:52:19.611556+01:00,barcode08,rabv_ea,11923,11096,11479,360,375,RABV_EA
86760221-cc89-4238-bc7c-daf6700f3925,532,2023-05-09T06:16:49.611556+01:00,barcode08,rabv_ea,11923,9875,10263,361,381,RABV_EA
3d59cfff-92c6-4d06-925f-43d4b8143b32,1218,2023-05-09T03:52:17.611556+01:00,barcode08,?,11923,0,0,364,373,?
13336eae-b2bb-4218-a8de-2ee72942246a,281,2023-05-09T06:16:54.611556+01:00,barcode08,*,0,0,0,0,0,*
26b6e556-88f3-4668-9528-6d3207c17cc5,511,2023-05-09T06:16:43.611556+01:00,barcode08,rabv_ea,11923,1864,2264,346,378,RABV_EA
5453c106-db72-4200-82f2-5a51af01a2c5,877,2023-05-09T06:16:49.611556+01:00,barcode08,?,11923,0,0,377,388,?
b7ddf494-f3f4-4bcd-abb9-dadd6efe6d1c,897,2023-05-09T06:15:59.611556+01:00,barcode08,rabv_ea,11923,9851,10259,374,396,RABV_EA
3d80da47-f43a-4507-897f-935641763895,469,2023-05-09T06:16:50.611556+01:00,barcode08,rabv_ea,11923,939,1313,337,360,RABV_EA
836eabef-516e-45e0-85c0-580e9bd69e7f,403,2023-05-09T06:16:00.611556+01:00,barcode08,rabv_ea,11923,9939,10259,301,314,RABV_EA
7afce554-0f8b-4c57-8b81-9cac3a540ca5,846,2023-05-09T06:16:51.611556+01:00,barcode08,?,11923,0,0,323,358,?
d3ff2578-9383-4a26-8285-882cf0e8b475,475,2023-05-09T06:16:00.611556+01:00,barcode08,rabv_ea,11923,2733,3131,348,383,RABV_EA
cffc9889-43a7-4f99-a391-9e16fee43fd3,1320,2023-05-09T06:15:36.611556+01:00,barcode08,?,11923,0,0,368,385,?
468395be-98fd-40b6-9b7b-4ff4c8aecfbd,1285,2023-05-09T06:16:27.611556+01:00,barcode08,?,11923,0,0,382,401,?
f970ff2e-8bdc-420c-9443-3d86f0ba3d4d,856,2023-05-09T06:16:47.611556+01:00,barcode08,?,11923,0,0,372,386,?
2f915a2f-c6e1-4cc3-9d5d-2661226ff116,1183,2023-05-09T06:15:55.611556+01:00,barcode08,?,11923,0,0,380,393,?
4c90febf-1a6c-4e9d-97b0-c7093d79f2a0,382,2023-05-09T06:16:47.611556+01:00,barcode08,rabv_ea,11923,9943,10255,296,306,RABV_EA
2fc4779b-fb92-4bcb-b06f-06e2e3b811aa,1295,2023-05-09T06:16:49.611556+01:00,barcode08,?,11923,0,0,391,399,?
de5c4c28-7f46-4992-bfec-65f5eda0f4fe,951,2023-05-09T06:15:56.611556+01:00,barcode08,?,11923,0,0,381,402,?
4e70bcf1-f053-44a8-9003-46d8990f9dd5,900,2023-05-09T06:16:33.611556+01:00,barcode08,?,11923,0,0,398,411,?
b65372e2-4312-464a-9b6d-df5cb0bb662c,764,2023-05-09T06:15:54.611556+01:00,barcode08,*,0,0,0,0,0,*
1a91933d-e020-4acd-b55e-c95f9f6d6bc7,461,2023-05-09T06:15:36.611556+01:00,barcode08,rabv_ea,11923,9851,10238,362,374,RABV_EA
fab44dc3-dd79-484c-be01-3eeb8d84c5ff,394,2023-05-09T06:15:39.611556+01:00,barcode08,rabv_ea,11923,6580,6829,213,231,RABV_EA
d7395563-061f-4d32-9152-8ac3344a8791,771,2023-05-09T06:15:55.611556+01:00,barcode08,rabv_ea,11923,1864,2262,363,388,RABV_EA
0b1cc2ec-81e6-4581-aff9-2905f0c1c60b,449,2023-05-09T06:15:39.611556+01:00,barcode08,rabv_ea,11923,319,665,320,341,RABV_EA
9195bf04-1eb2-4c17-86cc-01704dc4ab70,497,2023-05-09T06:16:49.611556+01:00,barcode08,rabv_ea,11923,1864,2264,356,374,RABV_EA
b6c1dccd-b68e-4507-8389-7f72bc8a56a5,453,2023-05-09T06:16:49.611556+01:00,barcode08,rabv_ea,11923,70,459,357,368,RABV_EA
cf292505-8545-4544-b5f1-8ff4ce7ea15d,2545,2023-05-09T06:16:32.611556+01:00,barcode08,?,11923,0,0,395,406,?
b03f9db7-458f-431a-844c-0e03b76c6ace,453,2023-05-09T06:16:00.611556+01:00,barcode08,rabv_ea,11923,1873,2247,342,367,RABV_EA
45a3a6d5-eeaa-49c7-9901-a4d88747da6c,519,2023-05-09T06:15:58.611556+01:00,barcode08,rabv_ea,11923,10164,10576,362,390,RABV_EA
ea19dccd-75d1-4894-9fbc-179fa7a61303,482,2023-05-09T06:16:01.611556+01:00,barcode08,rabv_ea,11923,10172,10557,347,372,RABV_EA
d978dedb-736b-4342-9f2d-a34f0da8b33a,872,2023-05-09T06:15:40.611556+01:00,barcode08,?,11923,0,0,372,392,?
6d85d187-93f3-4a83-8082-b38ef2b35df3,470,2023-05-09T06:16:40.611556+01:00,barcode08,rabv_ea,11923,10190,10563,328,351,RABV_EA
2e93ee82-e48f-4a36-830d-b9248838661b,460,2023-05-09T06:16:46.611556+01:00,barcode08,rabv_ea,11923,11406,11796,367,383,RABV_EA
7f7f4c69-36d5-42b4-a2c9-0820bd29d34c,455,2023-05-09T06:16:45.611556+01:00,barcode08,rabv_ea,11923,70,459,370,385,RABV_EA
5b50e660-9da5-429f-bede-8a6a735d1c96,461,2023-05-09T06:16:39.611556+01:00,barcode08,rabv_ea,11923,5523,5913,352,373,RABV_EA
12fafd5b-7f03-4cd2-9df9-b133ba860583,394,2023-05-09T06:16:46.611556+01:00,barcode08,rabv_ea,11923,1864,2176,280,300,RABV_EA
91f70d5e-8b3b-4989-940f-f80bfbcc27cf,270,2023-05-09T06:16:21.611556+01:00,barcode08,rabv_ea,11923,5198,5338,132,139,RABV_EA
774b9b8b-5ff3-4819-9b31-4095420050df,683,2023-05-09T06:17:05.611556+01:00,barcode08,?,11923,0,0,360,376,?
3de3fe7f-7fde-44f8-a7c6-67cd3398e2f9,587,2023-05-09T06:17:03.611556+01:00,barcode08,*,0,0,0,0,0,*
1e65f4ae-9752-4c08-9600-4757aa5a6021,928,2023-05-09T06:16:00.611556+01:00,barcode08,?,11923,0,0,391,402,?
e88f951d-8de4-4b64-bb6a-58e2a551743f,920,2023-05-09T06:16:38.611556+01:00,barcode08,?,11923,0,0,373,396,?
fd4915e5-3b00-4e7f-95f3-c37d0555f454,446,2023-05-09T06:16:22.611556+01:00,barcode08,rabv_ea,11923,9857,10239,351,365,RABV_EA
b662c78b-9e26-443e-abbe-70d37e51fa2b,389,2023-05-09T06:15:58.611556+01:00,barcode08,*,0,0,0,0,0,*
cb80492f-6f25-4b5b-b964-f5168ca2b150,443,2023-05-09T06:17:07.611556+01:00,barcode08,rabv_ea,11923,319,691,346,362,RABV_EA
c94c86a8-12b2-4f90-817a-c1f1323db4b9,476,2023-05-09T06:16:52.611556+01:00,barcode08,rabv_ea,11923,4647,5051,348,380,RABV_EA
936c2cce-3f49-4e86-a392-a19575ef95a6,541,2023-05-09T06:16:22.611556+01:00,barcode08,rabv_ea,11923,11392,11796,376,397,RABV_EA
459b976c-fae6-4a50-9b8b-abbc8ece61d8,456,2023-05-09T06:16:00.611556+01:00,barcode08,rabv_ea,11923,9549,9940,359,372,RABV_EA
5c96d3f6-f4d5-4761-a6ed-2484d8ecf396,528,2023-05-09T06:16:19.611556+01:00,barcode08,rabv_ea,11923,10164,10576,363,394,RABV_EA
be265e3c-0b5a-412b-9145-b75215fbf844,1773,2023-05-09T06:15:56.611556+01:00,barcode08,?,11923,0,0,902,993,?
2a8445c7-79b2-47e0-a3d1-b903bd28e57a,552,2023-05-09T06:16:51.611556+01:00,barcode08,rabv_ea,11923,9856,10263,363,388,RABV_EA
efc91518-af81-494c-a7f2-ce7c2bbec646,1851,2023-05-09T06:15:55.611556+01:00,barcode08,?,11923,0,0,399,407,?
0305484a-96cc-481e-ad6d-be4d9f80f3ae,1919,2023-05-09T06:15:54.611556+01:00,barcode08,?,11923,0,0,391,405,?
85448801-36a0-4bcc-9cc6-035cb3ce4c99,1237,2023-05-09T06:16:52.611556+01:00,barcode08,?,11923,0,0,367,390,?
62611225-8c48-4514-babd-5d0666ea1bdc,707,2023-05-09T06:16:33.611556+01:00,barcode08,rabv_ea,11923,4631,5044,369,394,RABV_EA
ddc7a2d2-755c-4508-a826-f48179d87fe3,532,2023-05-09T06:16:31.611556+01:00,barcode08,rabv_ea,11923,9860,10263,389,399,RABV_EA
65fcb786-299e-4a07-a74f-19734de9f420,454,2023-05-09T06:16:52.611556+01:00,barcode08,rabv_ea,11923,9852,10244,364,381,RABV_EA
afd57a5e-f514-4a48-ba9b-23d7cb1c9bba,865,2023-05-09T06:17:03.611556+01:00,barcode08,?,11923,0,0,379,392,?
d5acebad-1380-45d7-ba1c-41f9a6dd4211,469,2023-05-09T06:17:07.611556+01:00,barcode08,rabv_ea,11923,6424,6819,371,387,RABV_EA
aa5b4c41-b8a7-4813-b680-cc6a864d5968,522,2023-05-09T06:17:03.611556+01:00,barcode08,rabv_ea,11923,11096,11494,371,391,RABV_EA
fe4c50f8-9d44-4109-8e7c-24d273a09b03,545,2023-05-09T06:16:32.611556+01:00,barcode08,rabv_ea,11923,10170,10576,358,392,RABV_EA
dd8ac37d-fc78-4237-9b6b-25beb9f743f0,938,2023-05-09T06:16:39.611556+01:00,barcode08,?,11923,0,0,374,398,?
502a6bfc-da1b-4d78-a92c-4e89ded31561,514,2023-05-09T06:17:01.611556+01:00,barcode08,rabv_ea,11923,9854,10263,377,391,RABV_EA
35a530b3-e45e-4b9c-bf29-037bb2b9dbfc,437,2023-05-09T06:16:25.611556+01:00,barcode08,rabv_ea,11923,5023,5299,261,275,RABV_EA
7d954559-de4d-42b8-864d-7576f55295c1,858,2023-05-09T06:16:13.611556+01:00,barcode08,?,11923,0,0,349,362,?
19bc0ba8-84f4-4434-a03f-768f45fe3b71,776,2023-05-09T06:17:06.611556+01:00,barcode08,?,11923,0,0,366,383,?
73ad1a12-e247-4b25-8500-38dda2eceafe,469,2023-05-09T06:17:05.611556+01:00,barcode08,rabv_ea,11923,5196,5586,356,378,RABV_EA
c19507f6-43f0-4328-9325-63cd2ebf12ae,343,2023-05-09T06:17:04.611556+01:00,barcode08,rabv_ea,11923,5340,5608,247,262,RABV_EA
b536c144-34ff-4ebd-aad6-64e8a9859b04,838,2023-05-09T06:16:12.611556+01:00,barcode08,?,11923,0,0,375,395,?
43e158f6-0837-4176-acff-a8b6faa5b5ba,473,2023-05-09T06:16:37.611556+01:00,barcode08,rabv_ea,11923,4626,5036,355,390,RABV_EA
8044e7c1-56d0-463a-8774-36064d118ec3,1240,2023-05-09T06:17:00.611556+01:00,barcode08,?,11923,0,0,385,407,?
8e83dd6a-9e9a-40cb-b5b4-3fa53b516742,474,2023-05-09T06:17:02.611556+01:00,barcode08,rabv_ea,11923,10164,10551,349,375,RABV_EA
9a590967-b922-478a-b72b-39ccd7e6c705,563,2023-05-09T06:16:07.611556+01:00,barcode08,rabv_ea,11923,4635,5051,385,411,RABV_EA
18dbc9a6-0567-493d-a0c7-b03d795a21f8,851,2023-05-09T06:16:06.611556+01:00,barcode08,?,11923,0,0,373,388,?
93f58687-b01f-4390-bb65-07891b0a54c4,459,2023-05-09T06:16:06.611556+01:00,barcode08,rabv_ea,11923,5236,5596,324,346,RABV_EA
91db933e-c1d9-4be5-985f-09df8df95a3e,853,2023-05-09T06:16:57.611556+01:00,barcode08,?,11923,0,0,345,365,?
eeb90284-fc38-4e6a-9589-bbce9113172e,668,2023-05-09T06:16:54.611556+01:00,barcode08,rabv_ea,11923,10164,10579,356,391,RABV_EA
cd60bfea-4a30-45f9-8d4e-30348290da65,860,2023-05-09T06:16:27.611556+01:00,barcode08,?,11923,0,0,381,395,?
b1def650-8c83-42a1-b20f-0dfc1f2908e3,314,2023-05-09T06:16:39.611556+01:00,barcode08,rabv_ea,11923,3383,3585,193,198,RABV_EA
7a26026c-5d03-47fa-be51-8aa535ccd4e6,934,2023-05-09T06:16:06.611556+01:00,barcode08,?,11923,0,0,353,382,?
a17d17e9-37bf-4944-acb3-cb9d35adf817,532,2023-05-09T06:17:13.611556+01:00,barcode08,rabv_ea,11923,10164,10570,373,395,RABV_EA
ff22f28b-cd0a-465f-abd5-30a68dced2eb,627,2023-05-09T06:17:15.611556+01:00,barcode08,rabv_ea,11923,956,1337,349,376,RABV_EA
93677568-7593-4a0e-9cb5-7824ade5cdcd,530,2023-05-09T06:16:39.611556+01:00,barcode08,rabv_ea,11923,2733,3143,384,397,RABV_EA
8d30c725-98e0-4315-abb0-494688147771,511,2023-05-09T06:16:08.611556+01:00,barcode08,rabv_ea,11923,10164,10576,358,382,RABV_EA
77281bcf-b843-46f1-9b14-a652b5068178,472,2023-05-09T06:16:06.611556+01:00,barcode08,rabv_ea,11923,4626,5036,367,397,RABV_EA
ff44b1f4-416b-496a-81bf-ea84c15ea48d,860,2023-05-09T06:17:13.611556+01:00,barcode08,?,11923,0,0,361,382,?
09ba7154-6f12-45f3-b158-84c2739a2364,891,2023-05-09T06:17:13.611556+01:00,barcode08,?,11923,0,0,376,393,?
6eee5111-4cf6-485b-b588-9fd3235485b2,849,2023-05-09T06:16:55.611556+01:00,barcode08,?,11923,0,0,383,395,?
41ddc63b-bb4a-437f-8150-03b0d026655d,1328,2023-05-09T06:16:55.611556+01:00,barcode08,?,11923,0,0,372,390,?
a6b43c26-23c2-4623-b285-dde6d7cfc1f2,526,2023-05-09T06:16:42.611556+01:00,barcode08,rabv_ea,11923,10164,10576,370,397,RABV_EA
9b2da7a4-c76f-4f7c-b3f3-81039f6202ec,827,2023-05-09T06:17:15.611556+01:00,barcode08,?,11923,0,0,386,414,?
39acc096-e192-4335-9d17-4a9ce2ed52c0,533,2023-05-09T06:17:15.611556+01:00,barcode08,?,11923,0,0,305,329,?
2657b5f3-671c-4e03-95b2-2cb2e66e3d5e,741,2023-05-09T06:17:15.611556+01:00,barcode08,rabv_ea,11923,9852,10264,392,403,RABV_EA
545ca4e7-80e7-4edd-976c-50b1913c5a0b,461,2023-05-09T06:16:02.611556+01:00,barcode08,rabv_ea,11923,955,1337,348,373,RABV_EA
1a58f553-f062-4546-962d-0a872c8dfc18,480,2023-05-09T06:17:13.611556+01:00,barcode08,rabv_ea,11923,10164,10565,350,382,RABV_EA
c626948c-40c7-4432-b991-6791eafb46d6,471,2023-05-09T06:17:12.611556+01:00,barcode08,rabv_ea,11923,2733,3129,369,387,RABV_EA
f9c71d4b-676c-4beb-8bee-d9d0930c2f22,471,2023-05-09T06:16:43.611556+01:00,barcode08,rabv_ea,11923,10164,10562,370,391,RABV_EA
0d8b8ba5-dc6b-4263-a821-9fd477d7d46d,862,2023-05-09T06:17:14.611556+01:00,barcode08,rabv_ea,11923,6424,7129,656,691,RABV_EA
ef254eaf-221c-4b1e-a340-048cba4189cf,550,2023-05-09T06:16:04.611556+01:00,barcode08,rabv_ea,11923,10164,10576,377,403,RABV_EA
dc25e91d-14f9-493f-b555-637d5c082b0c,541,2023-05-09T06:17:12.611556+01:00,barcode08,rabv_ea,11923,10170,10576,365,394,RABV_EA
8d995699-1150-4b36-9a56-90283da7ad2d,464,2023-05-09T06:17:09.611556+01:00,barcode08,rabv_ea,11923,9851,10246,377,387,RABV_EA
931b04c5-f21e-4d13-87b4-2d31e8ede3d3,442,2023-05-09T06:16:23.611556+01:00,barcode08,rabv_ea,11923,939,1324,328,362,RABV_EA
60c5ef66-199b-40c5-9270-7ec195e0a8b9,1660,2023-05-09T06:16:23.611556+01:00,barcode08,?,11923,0,0,383,398,?
b167e668-691b-419c-b764-2a07e0d0b657,542,2023-05-09T06:16:23.611556+01:00,barcode08,rabv_ea,11923,9851,10263,370,398,RABV_EA
405e7632-f2f0-4c80-8730-af5d3037f8ea,280,2023-05-09T06:16:26.611556+01:00,barcode08,rabv_ea,11923,3062,3252,176,187,RABV_EA
78fa38e8-ee5d-44bd-9eea-1db88f636481,516,2023-05-09T06:17:27.611556+01:00,barcode08,rabv_ea,11923,319,700,352,372,RABV_EA
ad9b55d3-1194-4aff-b713-febe32dd656c,1282,2023-05-09T06:17:23.611556+01:00,barcode08,?,11923,0,0,378,397,?
1bcf78eb-15d1-44a2-81a6-8d42a676aa8b,444,2023-05-09T06:17:10.611556+01:00,barcode08,rabv_ea,11923,8940,9325,349,365,RABV_EA
ad729efc-7456-48be-81b2-2b813cf06099,855,2023-05-09T06:16:19.611556+01:00,barcode08,?,11923,0,0,368,378,?
ad6669a1-fbb5-43f1-97f2-de2ebe50e62c,215,2023-05-09T06:17:14.611556+01:00,barcode08,*,0,0,0,0,0,*
a800e0db-6e4d-4e49-b6ba-1233b126f694,257,2023-05-09T06:17:29.611556+01:00,barcode08,rabv_ea,11923,4643,4815,157,168,RABV_EA
e0e30a55-5f05-42ea-9da9-b0560a6d6960,280,2023-05-09T06:16:28.611556+01:00,barcode08,rabv_ea,11923,3062,3246,174,184,RABV_EA
23d0f84e-a03c-42ac-9aff-7fe43d0026b5,232,2023-05-09T06:17:27.611556+01:00,barcode08,rabv_ea,11923,1513,1620,98,105,RABV_EA
1b1053b1-3f47-4059-8d85-91b9237edaff,252,2023-05-09T06:17:27.611556+01:00,barcode08,*,0,0,0,0,0,*
9f7276a9-3991-43fd-bf80-d6d0c7204b79,545,2023-05-09T06:17:29.611556+01:00,barcode08,rabv_ea,11923,10170,10576,376,398,RABV_EA
f7a79946-f395-4405-8a6b-921d521bb5f0,793,2023-05-09T06:16:46.611556+01:00,barcode08,?,11923,0,0,353,388,?
f49bb1bf-af7e-4b39-8d5e-9a58a40aba59,529,2023-05-09T06:16:25.611556+01:00,barcode08,rabv_ea,11923,4626,5051,388,412,RABV_EA
85ccf356-e4f9-439a-bd74-91b80564017e,532,2023-05-09T06:16:24.611556+01:00,barcode08,rabv_ea,11923,8957,9302,314,331,RABV_EA
a9ba886f-f39d-4215-991a-62ebe00d005b,432,2023-05-09T06:17:26.611556+01:00,barcode08,rabv_ea,11923,613,960,318,340,RABV_EA
293f13b1-f7e7-4a12-a5ee-0e14676375b9,201,2023-05-09T06:17:30.611556+01:00,barcode08,*,0,0,0,0,0,*
5da00b8d-d354-41b3-b2c1-981b7c17da7e,537,2023-05-09T06:17:27.611556+01:00,barcode08,rabv_ea,11923,10164,10577,364,398,RABV_EA
b4be8763-b0b6-497f-9a0c-4c397b2074e2,506,2023-05-09T06:16:19.611556+01:00,barcode08,rabv_ea,11923,10164,10517,286,321,RABV_EA
2519b1ce-5a67-4e65-944e-30a1dbb2136c,529,2023-05-09T06:16:43.611556+01:00,barcode08,rabv_ea,11923,4633,5051,357,395,RABV_EA
380e9dc6-a2d4-4dda-bbcd-94e452336c1c,855,2023-05-09T06:17:08.611556+01:00,barcode08,?,11923,0,0,361,394,?
10f9f81c-b694-419c-b6f8-80ec984bc36a,533,2023-05-09T06:17:11.611556+01:00,barcode08,rabv_ea,11923,10164,10577,363,394,RABV_EA
d2bafa39-1ee8-4685-9fed-223760f442df,621,2023-05-09T06:17:08.611556+01:00,barcode08,?,11923,0,0,369,396,?
b5af7c4d-ef5a-4f5b-b5a8-e140184a8d31,1332,2023-05-09T06:17:07.611556+01:00,barcode08,?,11923,0,0,376,389,?
ee515b01-303e-4eaa-90a2-5e34573a5644,528,2023-05-09T06:17:00.611556+01:00,barcode08,rabv_ea,11923,10164,10570,375,396,RABV_EA
fbc61059-4433-4f6e-ae4f-214c32438ffd,464,2023-05-09T06:17:00.611556+01:00,barcode08,rabv_ea,11923,9851,10236,356,374,RABV_EA
f4e43068-1b03-45a2-accc-17383f1a044e,413,2023-05-09T06:16:45.611556+01:00,barcode08,rabv_ea,11923,1879,2215,313,327,RABV_EA
7462bd9e-357d-4fb7-a9d1-61465d912de1,461,2023-05-09T06:17:30.611556+01:00,barcode08,rabv_ea,11923,9849,10247,375,389,RABV_EA
cd9e4f64-8319-4d97-8167-a3e0237f1b1c,523,2023-05-09T06:17:33.611556+01:00,barcode08,rabv_ea,11923,9851,10263,388,403,RABV_EA
4e0b2214-d598-4d5a-b40d-f2bb0d33d284,548,2023-05-09T06:17:31.611556+01:00,barcode08,rabv_ea,11923,2733,3150,391,409,RABV_EA
45a38b59-19dd-4609-9db2-66d1fcc24732,525,2023-05-09T06:16:48.611556+01:00,barcode08,rabv_ea,11923,3064,3470,362,387,RABV_EA
3a224a79-6e6b-4b1b-a549-08647ac53a60,420,2023-05-09T06:16:24.611556+01:00,barcode08,rabv_ea,11923,6488,6827,317,331,RABV_EA
5ece6833-3164-4e4e-81c2-46c3bc8396a7,527,2023-05-09T06:16:45.611556+01:00,barcode08,rabv_ea,11923,4895,5219,300,320,RABV_EA
d5b1835d-01b3-4293-b064-832b9c0cb35b,462,2023-05-09T06:17:33.611556+01:00,barcode08,rabv_ea,11923,9864,10263,375,390,RABV_EA
5f389955-3482-4417-b05e-8006e78677bd,476,2023-05-09T06:16:43.611556+01:00,barcode08,rabv_ea,11923,9851,10248,351,381,RABV_EA
0cfefacb-f9f1-4a41-b5cd-2c0d13cf8cc2,882,2023-05-09T06:16:40.611556+01:00,barcode08,?,11923,0,0,363,381,?
7ec2d379-331a-4509-a8ce-37f7c69ef722,411,2023-05-09T06:16:27.611556+01:00,barcode08,rabv_ea,11923,1873,2194,289,311,RABV_EA
25bb43fa-2c92-4500-a7b0-7e604545a1d6,456,2023-05-09T06:16:26.611556+01:00,barcode08,rabv_ea,11923,9851,10246,363,382,RABV_EA
054a93dd-4679-442f-89f3-29f08a69fa8d,806,2023-05-09T06:17:25.611556+01:00,barcode08,rabv_ea,11923,613,1034,370,397,RABV_EA
c6d630cd-fef2-40c1-bd5b-309f6e9d3c2a,490,2023-05-09T06:17:02.611556+01:00,barcode08,rabv_ea,11923,10164,10570,368,397,RABV_EA
717c1b36-747c-4095-a930-fe033aa3d232,209,2023-05-09T06:17:27.611556+01:00,barcode08,rabv_ea,11923,10164,10235,70,71,RABV_EA
ff5f4065-1511-4aa8-bc2e-131b7f862eeb,456,2023-05-09T06:17:45.611556+01:00,barcode08,rabv_ea,11923,11112,11494,357,376,RABV_EA
501ed1be-ef97-4964-bdd6-f59f78cfccb9,547,2023-05-09T06:17:37.611556+01:00,barcode08,rabv_ea,11923,10167,10576,377,403,RABV_EA
acbd9ec4-b4ee-4130-828c-13ab2079a480,462,2023-05-09T06:17:45.611556+01:00,barcode08,rabv_ea,11923,8942,9320,336,365,RABV_EA
7ce7dd8b-317b-4ad3-bde6-85e888d2126c,2094,2023-05-09T06:17:12.611556+01:00,barcode08,?,11923,0,0,384,402,?
59ec6c6b-f38f-49c5-a6ce-b65cbf5bb186,485,2023-05-09T06:17:12.611556+01:00,barcode08,rabv_ea,11923,87,446,309,343,RABV_EA
51b7c7a0-25c0-4811-8fa0-cccbb29450c4,493,2023-05-09T06:17:37.611556+01:00,barcode08,rabv_ea,11923,11407,11796,371,385,RABV_EA
1b9c94b7-eb11-4e03-b918-d3ec620c5a97,454,2023-05-09T06:16:57.611556+01:00,barcode08,rabv_ea,11923,956,1334,338,366,RABV_EA
9bc64e4d-3e31-480a-a3a7-4473ef4f9f03,513,2023-05-09T06:16:56.611556+01:00,barcode08,rabv_ea,11923,11096,11494,349,384,RABV_EA
4f23acec-401b-4a0a-8361-93ce553bd959,944,2023-05-09T06:16:57.611556+01:00,barcode08,?,11923,0,0,303,323,?
c62218ab-cb0a-4be2-8031-e9236cedb721,439,2023-05-09T06:17:45.611556+01:00,barcode08,rabv_ea,11923,1864,2243,338,358,RABV_EA
5d00e197-0339-424b-8ac4-438f0bd448ae,532,2023-05-09T06:16:55.611556+01:00,barcode08,rabv_ea,11923,9854,10260,390,401,RABV_EA
8d57345d-e642-4146-b29e-3fa3921a1f83,948,2023-05-09T06:17:32.611556+01:00,barcode08,?,11923,0,0,368,388,?
43a7a90d-a544-4447-b41e-dec4a3e1057b,1740,2023-05-09T06:17:33.611556+01:00,barcode08,?,11923,0,0,379,404,?
3fd4c514-3eb6-4403-957a-218af3d59720,455,2023-05-09T06:17:54.611556+01:00,barcode08,rabv_ea,11923,11406,11795,361,379,RABV_EA
c17c3414-dd60-495a-8b02-48d2ed353820,497,2023-05-09T06:17:11.611556+01:00,barcode08,rabv_ea,11923,332,708,334,358,RABV_EA
ab7169bb-086e-482e-b886-1884803779a2,1457,2023-05-09T06:17:06.611556+01:00,barcode08,?,11923,0,0,366,378,?
13045c44-6412-4fec-bdef-d3cb98e33c22,1276,2023-05-09T06:17:05.611556+01:00,barcode08,?,11923,0,0,657,684,?
3131c1cf-fd74-4b52-ab39-db0969e548f8,898,2023-05-09T06:16:57.611556+01:00,barcode08,?,11923,0,0,349,366,?
31d37f21-bdca-4492-aefe-832fe5aed511,1651,2023-05-09T06:17:52.611556+01:00,barcode08,rabv_ea,11923,1873,3777,1317,1493,RABV_EA
a1e31434-ae13-4e0a-9e5e-463c506eee3e,314,2023-05-09T06:17:23.611556+01:00,barcode08,rabv_ea,11923,9176,9325,143,146,RABV_EA
224eddd4-5502-4631-973c-8d136197d016,499,2023-05-09T06:17:20.611556+01:00,barcode08,rabv_ea,11923,9851,10263,366,388,RABV_EA
9ca6a0d9-51c9-411d-a00e-82e4f23fa8db,458,2023-05-09T06:17:42.611556+01:00,barcode08,rabv_ea,11923,3062,3458,354,373,RABV_EA
1d8aac9a-0588-47fe-86a7-19c70baa803b,522,2023-05-09T06:17:23.611556+01:00,barcode08,rabv_ea,11923,4635,5051,366,390,RABV_EA
c4bb4df8-036a-4556-bc1b-7748821168e1,518,2023-05-09T06:17:24.611556+01:00,barcode08,rabv_ea,11923,10164,10558,332,364,RABV_EA
ca5ebf17-cd82-46f4-8fb3-5a9e127a26d1,523,2023-05-09T06:17:38.611556+01:00,barcode08,rabv_ea,11923,9851,10263,389,401,RABV_EA
cfde6900-70d1-458d-837d-d483afd5d60c,445,2023-05-09T06:17:41.611556+01:00,barcode08,rabv_ea,11923,319,696,346,370,RABV_EA
57e4b6f3-4c1d-430d-a875-8ccfccde71e3,952,2023-05-09T06:17:21.611556+01:00,barcode08,?,11923,0,0,374,395,?
5058eb35-ae54-455b-bcef-8efab2fc4b8a,463,2023-05-09T06:17:25.611556+01:00,barcode08,rabv_ea,11923,11416,11796,361,377,RABV_EA
54c323bc-a665-477c-b6df-0631d02e3781,476,2023-05-09T06:17:59.611556+01:00,barcode08,rabv_ea,11923,6424,6819,357,381,RABV_EA
398d47c6-09f1-4404-90d7-18b174ee2a01,1274,2023-05-09T06:17:57.611556+01:00,barcode08,?,11923,0,0,385,408,?
c3ae80ad-03ad-4a91-90d0-580d6ad436df,449,2023-05-09T06:17:24.611556+01:00,barcode08,rabv_ea,11923,3428,3774,311,328,RABV_EA
69f59868-d3b0-4829-80b4-0e99ff48ba73,530,2023-05-09T06:17:39.611556+01:00,barcode08,rabv_ea,11923,10187,10570,351,375,RABV_EA
9014cb3f-bb72-4cf5-a526-6a34ddfb9a69,536,2023-05-09T06:17:22.611556+01:00,barcode08,rabv_ea,11923,2733,3150,382,403,RABV_EA
561a78a4-c486-4fb6-95d6-42380f2e0b85,409,2023-05-09T06:16:55.611556+01:00,barcode08,rabv_ea,11923,2446,2791,329,334,RABV_EA
ed52086e-46fc-48f6-8264-99ccb666eef1,553,2023-05-09T06:16:57.611556+01:00,barcode08,rabv_ea,11923,4626,5053,393,414,RABV_EA
15502389-5960-4861-a5cc-67b7a4180e12,1300,2023-05-09T06:17:53.611556+01:00,barcode08,rabv_ea,11923,10164,11494,986,1118,RABV_EA
d8eb835a-9aed-4ad4-97db-196552893fa2,1279,2023-05-09T06:17:21.611556+01:00,barcode08,?,11923,0,0,370,390,?
fb3e4672-f5f1-40a6-8ab0-a20ad79433d8,528,2023-05-09T06:17:19.611556+01:00,barcode08,rabv_ea,11923,10164,10570,350,380,RABV_EA
dd0558ff-243c-451d-86f0-8b2dcbebbf08,864,2023-05-09T06:17:16.611556+01:00,barcode08,?,11923,0,0,377,394,?
b72e8c69-9e28-4c54-9019-f4dd554ad3da,374,2023-05-09T06:18:00.611556+01:00,barcode08,rabv_ea,11923,9185,9324,132,135,RABV_EA
44488f8a-4e75-4212-b621-4a5daa86edc7,1280,2023-05-09T06:17:56.611556+01:00,barcode08,?,11923,0,0,360,377,?
6675ed7e-55c6-46b4-94ba-328553162500,535,2023-05-09T06:17:27.611556+01:00,barcode08,rabv_ea,11923,3386,3791,364,389,RABV_EA
5703097b-d419-469b-960f-ee8ba40fd1df,540,2023-05-09T06:17:44.611556+01:00,barcode08,rabv_ea,11923,10164,10575,359,394,RABV_EA
002ab629-18b8-494a-8848-4ba96ecbda43,510,2023-05-09T06:17:58.611556+01:00,barcode08,rabv_ea,11923,319,705,348,372,RABV_EA
ed8f1581-83aa-48ad-a3d1-cd4490782580,529,2023-05-09T06:16:25.611556+01:00,barcode08,rabv_ea,11923,3062,3468,389,401,RABV_EA
4283575b-e475-4250-89b3-2725c474977b,512,2023-05-09T06:17:56.611556+01:00,barcode08,rabv_ea,11923,10202,10570,306,346,RABV_EA
3983a539-5f82-44b1-82b5-46838c6ecd1f,446,2023-05-09T06:15:32.611556+01:00,barcode08,rabv_ea,11923,319,697,334,366,RABV_EA
3a318d62-ccbf-437c-ad96-659360cb91f7,484,2023-05-09T06:18:08.611556+01:00,barcode08,rabv_ea,11923,5209,5607,347,376,RABV_EA
4ba61624-5380-4986-9763-12eb293ef3e0,863,2023-05-09T06:17:32.611556+01:00,barcode08,?,11923,0,0,381,395,?
fd96debd-5e28-4cd5-9835-d6192b08446b,481,2023-05-09T06:17:37.611556+01:00,barcode08,rabv_ea,11923,10164,10555,352,385,RABV_EA
37776523-4f81-4cfc-9042-ec4362389b31,887,2023-05-09T06:17:44.611556+01:00,barcode08,?,11923,0,0,357,372,?
76ce7446-9d13-4bf9-9955-2c8d0a659550,883,2023-05-09T06:17:42.611556+01:00,barcode08,?,11923,0,0,376,392,?
7bb186da-547d-4d8e-b46f-9acf6657c057,460,2023-05-09T06:17:45.611556+01:00,barcode08,rabv_ea,11923,11111,11494,367,382,RABV_EA
40263b69-9d5f-4cd1-b063-e86da1871ed9,540,2023-05-09T06:18:07.611556+01:00,barcode08,rabv_ea,11923,10164,10562,367,389,RABV_EA
537ee99b-df1d-4911-9340-2ccbe7f89776,212,2023-05-09T06:18:07.611556+01:00,barcode08,*,0,0,0,0,0,*
9f68d5f3-f3da-4c9c-a6b7-2f2b457c07f5,451,2023-05-09T06:17:26.611556+01:00,barcode08,rabv_ea,11923,10177,10522,304,327,RABV_EA
daf3cadc-9ad8-4ecf-a51d-094168f90cc1,453,2023-05-09T06:15:31.611556+01:00,barcode08,rabv_ea,11923,9548,9921,334,360,RABV_EA
124a5ee6-c07d-4e18-bec5-a378cbddbcbe,541,2023-05-09T06:18:05.611556+01:00,barcode08,rabv_ea,11923,10170,10564,366,386,RABV_EA
ce47b893-cc0f-4ae6-b70b-1eb73445c1b7,491,2023-05-09T06:17:40.611556+01:00,barcode08,rabv_ea,11923,9854,10247,355,367,RABV_EA
a798691f-84a3-4355-aee8-ddb509110b43,512,2023-05-09T06:17:55.611556+01:00,barcode08,rabv_ea,11923,319,709,366,380,RABV_EA
50ef9b16-9a32-44c4-b7bb-b7211f574858,953,2023-05-09T06:17:40.611556+01:00,barcode08,?,11923,0,0,328,345,?
325adc61-6954-4017-907f-b6a9a5aab22e,942,2023-05-09T06:15:30.611556+01:00,barcode08,?,11923,0,0,386,397,?
0efcc14e-c20f-47a8-be23-d00aeb142170,892,2023-05-09T06:17:44.611556+01:00,barcode08,?,11923,0,0,369,389,?
94031ddc-e363-402a-961d-cb7babf27157,520,2023-05-09T06:17:58.611556+01:00,barcode08,rabv_ea,11923,6424,6829,367,388,RABV_EA
2879d4cd-d038-4fe6-a037-75ed6570f84a,532,2023-05-09T06:17:43.611556+01:00,barcode08,rabv_ea,11923,10164,10576,370,399,RABV_EA
15e4094e-5634-450d-988f-96fa5cff3073,455,2023-05-09T06:18:14.611556+01:00,barcode08,rabv_ea,11923,2733,3121,344,366,RABV_EA
05f9686c-f8ab-4bf0-b0c2-f0d572a07b9b,893,2023-05-09T06:18:06.611556+01:00,barcode08,?,11923,0,0,362,391,?
d8cddb72-cafa-4b54-a42f-b02a738160df,543,2023-05-09T06:18:16.611556+01:00,barcode08,rabv_ea,11923,11394,11794,364,390,RABV_EA
e4a61199-a557-4ca5-ba81-3c00a2c8d8cc,858,2023-05-09T06:18:13.611556+01:00,barcode08,rabv_ea,11923,984,1320,292,315,RABV_EA
66f64ef4-6368-4f43-b8e0-fab20692ec1e,731,2023-05-09T06:18:04.611556+01:00,barcode08,?,11923,0,0,369,387,?
ae69a7a4-f0e5-432d-a80e-f2ec7f847acd,513,2023-05-09T06:18:07.611556+01:00,barcode08,rabv_ea,11923,321,709,360,379,RABV_EA
2f2809a7-9822-437c-b36b-f06046a194f3,451,2023-05-09T06:18:05.611556+01:00,barcode08,rabv_ea,11923,3404,3791,364,373,RABV_EA
1dadabd7-ff21-4e24-8c53-e958abb2eeb6,874,2023-05-09T06:17:50.611556+01:00,barcode08,?,11923,0,0,386,398,?
cce68b0c-79d5-4662-8a6d-1afd8d3e3d1a,475,2023-05-09T06:18:06.611556+01:00,barcode08,rabv_ea,11923,11111,11493,355,379,RABV_EA
edf3762c-fcd2-43f7-9c6e-04f70de90b0a,494,2023-05-09T06:17:41.611556+01:00,barcode08,rabv_ea,11923,314,710,355,373,RABV_EA
2fcd3712-4f53-430c-bdbe-ac1fdc0e6578,355,2023-05-09T06:17:34.611556+01:00,barcode08,rabv_ea,11923,5311,5608,279,285,RABV_EA
5de67b8a-9b38-4eea-83e9-aa8aebbdc745,470,2023-05-09T06:17:40.611556+01:00,barcode08,rabv_ea,11923,8932,9325,373,389,RABV_EA
78c33b74-6a0a-4a30-8798-8adbddbf84bb,864,2023-05-09T06:17:36.611556+01:00,barcode08,?,11923,0,0,370,371,?
749017e6-f86c-4b06-ad10-a3d5db8a3501,472,2023-05-09T06:17:41.611556+01:00,barcode08,rabv_ea,11923,2733,3112,350,366,RABV_EA
1af3e30f-5087-4405-8f5b-11c3031f2bef,555,2023-05-09T06:17:30.611556+01:00,barcode08,rabv_ea,11923,10170,10573,365,393,RABV_EA
5f7fcf3f-fb70-472d-bacf-3259e68b7104,1251,2023-05-09T06:18:19.611556+01:00,barcode08,?,11923,0,0,388,413,?
0b9895e1-cb96-411d-ba1d-08c5101dc1e8,528,2023-05-09T06:17:32.611556+01:00,barcode08,rabv_ea,11923,4657,5051,360,381,RABV_EA
9af4be2e-9517-490d-81bf-f3e4e03b2cbd,455,2023-05-09T06:17:42.611556+01:00,barcode08,rabv_ea,11923,57,445,359,376,RABV_EA
3dad395c-d6b4-4e93-88f4-9f7be80f9014,679,2023-05-09T06:18:11.611556+01:00,barcode08,rabv_ea,11923,321,686,338,358,RABV_EA
28953d1c-2178-4c35-8efa-6425ac2dcac3,1258,2023-05-09T06:17:45.611556+01:00,barcode08,?,11923,0,0,344,364,?
ec5e74ec-945e-4a20-8ef1-3fe2367181a2,236,2023-05-09T06:17:50.611556+01:00,barcode08,*,0,0,0,0,0,*
ff31bddf-c604-41d1-9eca-6236146781c1,464,2023-05-09T06:17:18.611556+01:00,barcode08,rabv_ea,11923,11407,11796,351,370,RABV_EA
1c0c0a4e-b1f0-46e3-8ecd-a390f05c3b0a,524,2023-05-09T06:18:19.611556+01:00,barcode08,rabv_ea,11923,1864,2258,350,378,RABV_EA
a4d3a585-c32a-4273-963d-bbb20c164f57,988,2023-05-09T06:17:49.611556+01:00,barcode08,?,11923,0,0,367,387,?
78222bad-1566-4421-8bf0-896dd4b5ef43,187,2023-05-09T06:17:51.611556+01:00,barcode08,*,0,0,0,0,0,*
7ab67ef8-8790-476c-b303-4ef631ae330b,878,2023-05-09T06:17:38.611556+01:00,barcode08,?,11923,0,0,367,385,?
0d4c5e36-842f-43d4-9b22-bcfe753001fd,487,2023-05-09T06:18:02.611556+01:00,barcode08,rabv_ea,11923,4626,5034,365,394,RABV_EA
7b685dbf-d2ea-4293-bc0b-a94c50d13e37,528,2023-05-09T06:17:17.611556+01:00,barcode08,rabv_ea,11923,10164,10576,372,401,RABV_EA
0e609860-a693-4bd3-a186-e0faf0995938,476,2023-05-09T06:18:02.611556+01:00,barcode08,rabv_ea,11923,3062,3458,373,387,RABV_EA
d48fe0ee-741f-4657-9850-2c47fcaf5a21,663,2023-05-09T06:18:02.611556+01:00,barcode08,rabv_ea,11923,319,686,335,347,RABV_EA
3fb528ec-d5a5-4f8b-92ea-60623e6908d9,465,2023-05-09T06:18:03.611556+01:00,barcode08,rabv_ea,11923,6457,6835,360,370,RABV_EA
d1386bc4-eefa-4dc5-a986-f079daf991a8,2325,2023-05-09T06:17:55.611556+01:00,barcode08,?,11923,0,0,379,390,?
210b7ed6-5ba5-4efd-b24b-e482bfb5cacb,442,2023-05-09T06:18:01.611556+01:00,barcode08,rabv_ea,11923,319,695,357,370,RABV_EA
578dd22a-cc3b-4a12-a9e5-93f50bfea3da,543,2023-05-09T06:18:04.611556+01:00,barcode08,rabv_ea,11923,10164,10574,375,403,RABV_EA
b210a7ee-8b9b-4976-8d65-e12b54b471d3,969,2023-05-09T06:18:20.611556+01:00,barcode08,?,11923,0,0,389,408,?
fdd4effc-66ed-4151-a9fd-fae429c981b3,912,2023-05-09T06:18:18.611556+01:00,barcode08,rabv_ea,11923,3062,3471,366,392,RABV_EA
bfd1f4e2-5f74-429a-b158-f33182d50a03,543,2023-05-09T06:18:06.611556+01:00,barcode08,rabv_ea,11923,1864,2187,293,315,RABV_EA
2673b890-8530-4867-b772-2c0cc4145b52,915,2023-05-09T06:18:07.611556+01:00,barcode08,?,11923,0,0,371,389,?
34bd4c94-cd9f-4545-8e0c-46f0d995c256,657,2023-05-09T06:17:17.611556+01:00,barcode08,?,11923,0,0,363,385,?
2833a885-5737-4c1c-a96b-58707aeb02f5,304,2023-05-09T06:18:29.611556+01:00,barcode08,*,0,0,0,0,0,*
70427d56-e646-4184-ad8a-2117e0f78e33,904,2023-05-09T06:18:06.611556+01:00,barcode08,rabv_ea,11923,2742,3135,382,389,RABV_EA
ec97da66-2be8-4d3d-a8f5-75f9556c1ebc,1373,2023-05-09T06:17:48.611556+01:00,barcode08,?,11923,0,0,384,413,?
29b3e54a-aa28-414a-8da8-ce881272445a,463,2023-05-09T06:18:03.611556+01:00,barcode08,rabv_ea,11923,6424,6816,365,380,RABV_EA
ae39350b-2269-499c-b500-2caa65ce6158,536,2023-05-09T06:18:27.611556+01:00,barcode08,rabv_ea,11923,10164,10564,369,391,RABV_EA
f3e3b9b1-a2f8-4f42-b355-dcd4dd776f12,1366,2023-05-09T06:18:22.611556+01:00,barcode08,?,11923,0,0,390,407,?
958cd704-5e57-4ca8-9979-c5881fdb9219,533,2023-05-09T06:18:36.611556+01:00,barcode08,rabv_ea,11923,10164,10576,374,398,RABV_EA
53b62b2d-f1dd-47c1-b2d6-16b28f33bcf4,528,2023-05-09T06:18:35.611556+01:00,barcode08,rabv_ea,11923,10181,10576,351,378,RABV_EA
572a0112-2d04-441c-9865-87e437fa8141,879,2023-05-09T06:18:22.611556+01:00,barcode08,?,11923,0,0,343,361,?
2bb23f50-1238-40c1-bba2-ad5f556a303e,404,2023-05-09T06:18:30.611556+01:00,barcode08,rabv_ea,11923,1864,2198,300,321,RABV_EA
9126963b-3427-4fee-907d-dae8939757e3,412,2023-05-09T06:17:50.611556+01:00,barcode08,rabv_ea,11923,9536,9890,321,336,RABV_EA
d298d5a3-7d7b-4ff7-9c68-7fe4b6ef112a,1305,2023-05-09T06:18:27.611556+01:00,barcode08,?,11923,0,0,362,381,?
9aa103a4-7e3f-4fe2-a717-f99b742b4616,524,2023-05-09T06:18:18.611556+01:00,barcode08,rabv_ea,11923,9536,9904,328,354,RABV_EA
a1521100-a47f-417b-a0bb-4948be1a6a4e,463,2023-05-09T06:18:40.611556+01:00,barcode08,rabv_ea,11923,6427,6820,350,367,RABV_EA
10ed6c00-b874-4d31-803c-f85755bda2c1,1829,2023-05-09T06:17:47.611556+01:00,barcode08,?,11923,0,0,359,385,?
6b9f4e6d-de55-4fd9-ba07-9400c7cc36a9,536,2023-05-09T06:18:38.611556+01:00,barcode08,rabv_ea,11923,10173,10576,355,384,RABV_EA
54822356-76f6-41cb-abc7-e9c4922c012c,461,2023-05-09T06:17:53.611556+01:00,barcode08,rabv_ea,11923,71,459,364,380,RABV_EA
812126c0-4e1b-4168-adcd-66869d79526a,551,2023-05-09T06:18:21.611556+01:00,barcode08,rabv_ea,11923,10234,10570,287,318,RABV_EA
2c10adff-9c66-47dc-9b28-c9751b6358de,441,2023-05-09T06:18:26.611556+01:00,barcode08,rabv_ea,11923,10176,10576,329,361,RABV_EA
03ca9ec5-789c-4b4b-b056-065a256e5642,527,2023-05-09T06:18:39.611556+01:00,barcode08,rabv_ea,11923,10164,10576,374,399,RABV_EA
302f9023-3eaf-40a3-8de0-fb466d47fba5,476,2023-05-09T06:18:30.611556+01:00,barcode08,rabv_ea,11923,10164,10563,354,386,RABV_EA
10176ae3-ba8b-42db-a1bb-49411f195127,472,2023-05-09T06:17:53.611556+01:00,barcode08,rabv_ea,11923,11407,11796,361,383,RABV_EA
7d786247-dad3-43ec-8bc5-4a6db2947231,857,2023-05-09T06:18:27.611556+01:00,barcode08,?,11923,0,0,344,364,?
6cd29ee3-7d46-4562-a02e-76977ac9e0e3,458,2023-05-09T06:17:53.611556+01:00,barcode08,rabv_ea,11923,9549,9931,357,372,RABV_EA
4a4ad955-c5f4-4cc1-a527-36a6843ac59e,470,2023-05-09T06:17:55.611556+01:00,barcode08,rabv_ea,11923,9851,10243,368,381,RABV_EA
d7215b49-b0b3-4aa7-8f65-42929e5d16b4,904,2023-05-09T06:18:23.611556+01:00,barcode08,?,11923,0,0,358,369,?
5d1bed41-9fe2-45ae-b967-44ec8cf9df28,468,2023-05-09T06:18:25.611556+01:00,barcode08,rabv_ea,11923,2488,2846,324,348,RABV_EA
3c5c3d95-c288-48ca-bff5-301daa6ea3b4,534,2023-05-09T06:18:26.611556+01:00,barcode08,rabv_ea,11923,1864,2261,362,390,RABV_EA
7f3ddd06-9387-43de-bfac-bff4ed63eb71,1366,2023-05-09T06:18:22.611556+01:00,barcode08,?,11923,0,0,396,402,?
b708f585-df6b-484a-a89b-ad755df04457,467,2023-05-09T06:17:54.611556+01:00,barcode08,rabv_ea,11923,11407,11794,345,373,RABV_EA
bc9cd225-9c68-48f9-bb95-4abbeba0a6ca,449,2023-05-09T06:18:39.611556+01:00,barcode08,rabv_ea,11923,6440,6828,341,354,RABV_EA
93d58251-a855-4458-9f5e-8f4d517b9fbb,462,2023-05-09T06:18:23.611556+01:00,barcode08,rabv_ea,11923,319,709,346,375,RABV_EA
0dc89a04-46f6-4e84-840a-c6a9e846c089,458,2023-05-09T06:17:53.611556+01:00,barcode08,rabv_ea,11923,3399,3791,358,380,RABV_EA
1a3ad184-9763-4574-a797-54ec7f8dbaf4,473,2023-05-09T06:17:52.611556+01:00,barcode08,rabv_ea,11923,4626,5036,361,396,RABV_EA
3531d4c8-1238-4807-9979-448a142f3179,457,2023-05-09T06:18:27.611556+01:00,barcode08,rabv_ea,11923,1864,2240,342,365,RABV_EA
9fa59105-2cbb-4f2b-abf2-43b77d0dda30,458,2023-05-09T06:18:20.611556+01:00,barcode08,rabv_ea,11923,319,696,353,374,RABV_EA
7f60a57b-502e-4651-a2ad-041e49c3e3be,471,2023-05-09T06:17:51.611556+01:00,barcode08,rabv_ea,11923,5196,5592,368,389,RABV_EA
336ca099-d048-4c2d-837b-8c9c208644b5,518,2023-05-09T06:18:34.611556+01:00,barcode08,rabv_ea,11923,8927,9325,381,391,RABV_EA
fb063b22-5c23-40be-9f8a-24575097897b,1681,2023-05-09T06:18:27.611556+01:00,barcode08,rabv_ea,11923,1870,3774,1270,1389,RABV_EA
ebd8258b-84b5-46fb-b35f-667c33e291d0,454,2023-05-09T06:18:20.611556+01:00,barcode08,rabv_ea,11923,3399,3791,362,383,RABV_EA
f6c1ae03-667c-4864-94ce-09c7557d1038,460,2023-05-09T06:18:30.611556+01:00,barcode08,rabv_ea,11923,5196,5595,361,382,RABV_EA
d520234c-c411-487d-bfd9-4476d75aacfd,435,2023-05-09T06:18:34.611556+01:00,barcode08,rabv_ea,11923,5197,5592,337,360,RABV_EA
3636c91b-49ec-4e37-9c10-9947ef925e07,1314,2023-05-09T06:18:33.611556+01:00,barcode08,rabv_ea,11923,11096,11494,352,381,RABV_EA
02b2bbfa-2791-4353-ac73-61ba04269a0a,443,2023-05-09T06:18:27.611556+01:00,barcode08,rabv_ea,11923,315,695,349,367,RABV_EA
e7944fcd-28b5-4f72-9dae-10358f44a699,436,2023-05-09T06:17:58.611556+01:00,barcode08,rabv_ea,11923,11096,11477,334,358,RABV_EA
491c3a9e-eec4-432f-9a4e-56d536bae073,523,2023-05-09T06:18:12.611556+01:00,barcode08,rabv_ea,11923,11096,11492,373,392,RABV_EA
8775b0ec-ae86-41a9-af91-cc0c916b1f9d,1225,2023-05-09T06:18:07.611556+01:00,barcode08,?,11923,0,0,627,645,?
3c15c9e9-67d0-401a-808a-678ef2674265,546,2023-05-09T06:18:00.611556+01:00,barcode08,rabv_ea,11923,10164,10576,363,391,RABV_EA
a9e58e74-0c88-45d0-8702-53397cf74bff,948,2023-05-09T06:18:28.611556+01:00,barcode08,?,11923,0,0,395,403,?
6bb10a8c-fb32-44c8-94d7-d2e474814f3a,1287,2023-05-09T06:17:58.611556+01:00,barcode08,?,11923,0,0,367,384,?
c9e63d25-47ec-4ca6-bdc8-9c535b15f917,511,2023-05-09T06:18:40.611556+01:00,barcode08,rabv_ea,11923,319,710,361,377,RABV_EA
23da5ccd-4ac6-44b0-b90a-c63a3047c5d8,605,2023-05-09T06:18:37.611556+01:00,barcode08,?,11923,0,0,351,366,?
60339b67-e18e-4fa6-bbe9-5e2d0e506044,221,2023-05-09T06:18:49.611556+01:00,barcode08,*,0,0,0,0,0,*
0b4fb46e-1f7f-43c2-9199-5f91cd13066a,465,2023-05-09T06:15:33.611556+01:00,barcode08,rabv_ea,11923,10194,10552,326,353,RABV_EA
34641abf-0811-4edf-b3a2-7b9d44bb078b,205,2023-05-09T06:18:48.611556+01:00,barcode08,*,0,0,0,0,0,*
c3990fd8-f66d-4e31-888a-ac13c66b2228,364,2023-05-09T06:18:40.611556+01:00,barcode08,*,0,0,0,0,0,*
2ea01e73-4855-4454-ad7a-8f6034fbba1b,437,2023-05-09T06:18:44.611556+01:00,barcode08,rabv_ea,11923,71,459,334,350,RABV_EA
cf57fec7-f67e-4654-a713-45ffecd2480b,851,2023-05-09T06:18:42.611556+01:00,barcode08,?,11923,0,0,382,398,?
2c908d1f-e787-474d-a431-1a008582eebd,459,2023-05-09T06:18:09.611556+01:00,barcode08,rabv_ea,11923,319,669,321,342,RABV_EA
1d6de724-3687-4969-9b9a-38e36391e452,464,2023-05-09T06:18:38.611556+01:00,barcode08,rabv_ea,11923,4635,5036,363,392,RABV_EA
17131141-f5d0-4947-912c-d2b34e68bcf9,376,2023-05-09T06:18:13.611556+01:00,barcode08,rabv_ea,11923,5017,5282,245,260,RABV_EA
fd970346-f870-4877-98e6-27ff4c07c290,519,2023-05-09T06:18:29.611556+01:00,barcode08,rabv_ea,11923,10171,10585,348,394,RABV_EA
da7e1efc-4964-4afb-8a2e-5f8db7b1d2da,485,2023-05-09T06:18:30.611556+01:00,barcode08,rabv_ea,11923,10164,10570,360,391,RABV_EA
c0afaf65-99ff-4aa0-a13a-a9aeececdd76,521,2023-05-09T06:17:59.611556+01:00,barcode08,rabv_ea,11923,10164,10571,356,384,RABV_EA
76527b10-d7ca-4536-8b4d-8aad5f8b38ef,486,2023-05-09T06:18:30.611556+01:00,barcode08,rabv_ea,11923,9856,10248,364,384,RABV_EA
86ef70b1-a584-4153-812c-c24aec004d85,533,2023-05-09T06:18:18.611556+01:00,barcode08,rabv_ea,11923,10164,10570,364,395,RABV_EA
ccad82d0-8c03-4560-a1bc-b257d9d7723a,1379,2023-05-09T06:18:31.611556+01:00,barcode08,?,11923,0,0,378,404,?
e4fddc0c-1245-479c-a5a7-29b3786b5595,841,2023-05-09T06:18:52.611556+01:00,barcode08,rabv_ea,11923,9598,9940,309,326,RABV_EA
839c3b1d-135b-4ed2-b8b1-7be1208cfaea,349,2023-05-09T06:18:47.611556+01:00,barcode08,rabv_ea,11923,11213,11494,259,271,RABV_EA
b6c66e3d-0d37-4434-afc8-c1d78bb0d245,463,2023-05-09T06:18:33.611556+01:00,barcode08,rabv_ea,11923,11392,11781,356,374,RABV_EA
19d304af-49ac-4d3e-9e21-23506440eb04,467,2023-05-09T06:18:55.611556+01:00,barcode08,rabv_ea,11923,10178,10570,361,382,RABV_EA
45db1184-c13d-4b68-8451-8ff15f3470b7,341,2023-05-09T06:18:57.611556+01:00,barcode08,rabv_ea,11923,3064,3231,161,166,RABV_EA
32ccb8d7-306b-4bbf-9aa2-e4752459ef41,536,2023-05-09T06:18:53.611556+01:00,barcode08,rabv_ea,11923,10164,10572,352,390,RABV_EA
b6a02137-a422-4c6d-aa4e-b22eaa7cbfdb,1733,2023-05-09T06:18:48.611556+01:00,barcode08,rabv_ea,11923,10166,11795,1286,1444,RABV_EA
f38581e7-9164-4ae4-a670-d45058252673,920,2023-05-09T06:18:49.611556+01:00,barcode08,?,11923,0,0,364,381,?
f7dc5130-054b-4f1a-85d0-add5e98dc4e7,852,2023-05-09T03:52:17.611556+01:00,barcode08,?,11923,0,0,367,377,?
f5d96d65-e722-4192-9951-06dd0b9b573b,521,2023-05-09T03:52:17.611556+01:00,barcode08,rabv_ea,11923,319,710,362,381,RABV_EA
b5788101-9680-4c39-b7df-5d10287a9531,529,2023-05-09T06:18:33.611556+01:00,barcode08,rabv_ea,11923,10164,10572,338,381,RABV_EA
5a9dc672-052d-4dbe-986a-da70724cb234,531,2023-05-09T06:18:36.611556+01:00,barcode08,rabv_ea,11923,9851,10264,389,403,RABV_EA
b85a635f-7bbb-41a6-ade3-0ea24cb2c922,928,2023-05-09T06:18:44.611556+01:00,barcode08,?,11923,0,0,362,381,?
28e59b7c-51b9-4587-b6d5-c80447a50b21,423,2023-05-09T06:18:45.611556+01:00,barcode08,rabv_ea,11923,1875,2215,309,323,RABV_EA
6fa4a1bb-796b-4f1f-ac09-3ac3296ea841,364,2023-05-09T06:18:32.611556+01:00,barcode08,rabv_ea,11923,9124,9325,190,200,RABV_EA
e48c2ef0-f89e-4017-b32a-164fb7bf6599,438,2023-05-09T06:18:43.611556+01:00,barcode08,rabv_ea,11923,1877,2248,326,348,RABV_EA
f3b466cd-527a-4e15-a545-61a0b3415b8e,1208,2023-05-09T06:18:39.611556+01:00,barcode08,?,11923,0,0,379,397,?
da936112-bd96-41a3-9f1a-574fcb4f9d84,359,2023-05-09T06:18:43.611556+01:00,barcode08,rabv_ea,11923,4339,4533,170,182,RABV_EA
8a42547d-4bc8-427d-b66c-5cda313defd9,502,2023-05-09T06:18:47.611556+01:00,barcode08,rabv_ea,11923,4626,5032,351,396,RABV_EA
891def4a-77c0-43d6-81f8-bc6db545b726,514,2023-05-09T06:18:33.611556+01:00,barcode08,rabv_ea,11923,3062,3471,380,396,RABV_EA
20380a56-7918-4930-a1a7-8bd49c96e574,545,2023-05-09T06:18:55.611556+01:00,barcode08,rabv_ea,11923,10164,10576,368,397,RABV_EA
68107b65-3af9-4008-858d-4591275e189e,867,2023-05-09T06:18:55.611556+01:00,barcode08,rabv_ea,11923,3385,3791,359,387,RABV_EA
664b9a4b-6338-4721-a9ac-e10c99a33287,513,2023-05-09T06:18:50.611556+01:00,barcode08,rabv_ea,11923,7678,8064,355,369,RABV_EA
bcd5eb61-c7d0-43e0-9232-e9780b8627d9,527,2023-05-09T06:18:47.611556+01:00,barcode08,rabv_ea,11923,10164,10576,367,398,RABV_EA
69ed5364-64ae-43e9-9ca3-18c89b7e0b5c,476,2023-05-09T06:18:17.611556+01:00,barcode08,rabv_ea,11923,9551,9940,352,380,RABV_EA
9f4e4b35-c60f-4c60-9e63-9241dad20b7c,1118,2023-05-09T06:18:55.611556+01:00,barcode08,?,11923,0,0,369,392,?
a611644f-65bd-4349-a577-b6f8cb3dbc6f,1231,2023-05-09T06:18:50.611556+01:00,barcode08,?,11923,0,0,358,374,?
b02203a5-d6d8-4210-8080-978567e48858,882,2023-05-09T06:18:40.611556+01:00,barcode08,?,11923,0,0,391,411,?
48212b20-999c-40af-8b46-eb6e27aff029,526,2023-05-09T06:18:13.611556+01:00,barcode08,rabv_ea,11923,10164,10576,346,385,RABV_EA
492e521b-82e9-4a33-9be6-47cef5d299f4,461,2023-05-09T06:18:43.611556+01:00,barcode08,rabv_ea,11923,939,1324,354,380,RABV_EA
5f698913-3270-4093-b312-7091e8f2d5db,949,2023-05-09T06:18:39.611556+01:00,barcode08,?,11923,0,0,387,399,?
a5128685-c061-41d8-aec8-9084023b05de,861,2023-05-09T06:18:51.611556+01:00,barcode08,?,11923,0,0,320,344,?
bdcfff72-ed64-410e-85f8-78818fd9b8a0,516,2023-05-09T06:18:57.611556+01:00,barcode08,rabv_ea,11923,7690,8081,364,379,RABV_EA
34c3fdf2-d52a-43db-a1a2-b88d85b24e6c,878,2023-05-09T06:18:49.611556+01:00,barcode08,?,11923,0,0,380,395,?
622117cb-fedd-4416-ac72-2ce4dbfe6c4d,447,2023-05-09T06:18:17.611556+01:00,barcode08,rabv_ea,11923,11109,11494,357,374,RABV_EA
c30c53b5-855f-41e9-9edd-e027b9b99f13,523,2023-05-09T06:18:14.611556+01:00,barcode08,rabv_ea,11923,61,459,366,391,RABV_EA
50393e30-75f6-41d2-a0f5-e3bb57c760af,531,2023-05-09T06:18:16.611556+01:00,barcode08,rabv_ea,11923,10168,10580,363,395,RABV_EA
65d21705-fc98-4acd-a94e-f3e46b3185e4,548,2023-05-09T06:18:56.611556+01:00,barcode08,rabv_ea,11923,10164,10576,376,405,RABV_EA
8811372b-6327-40fc-8413-01d17e0c170d,1358,2023-05-09T06:18:14.611556+01:00,barcode08,?,11923,0,0,378,395,?
066854df-c8e1-4fc8-9b7f-ac022e0d47f5,1327,2023-05-09T06:19:09.611556+01:00,barcode08,?,11923,0,0,389,398,?
4d6d3b78-ae38-48b6-997c-d3611cfcc8cb,461,2023-05-09T06:19:05.611556+01:00,barcode08,rabv_ea,11923,2739,3133,360,377,RABV_EA
9e6e989f-ca99-47b8-a38b-34cb01756686,534,2023-05-09T06:19:05.611556+01:00,barcode08,rabv_ea,11923,10164,10573,363,385,RABV_EA
b2d37e15-53a4-42f0-a97c-2ecf6f101311,537,2023-05-09T06:19:01.611556+01:00,barcode08,rabv_ea,11923,10172,10570,347,377,RABV_EA
4d4cb0c9-70cf-4607-9bc0-bd3718857edd,544,2023-05-09T06:19:09.611556+01:00,barcode08,rabv_ea,11923,10167,10573,367,399,RABV_EA
c172c0a3-ca8f-43b0-9810-47d135086651,848,2023-05-09T06:19:01.611556+01:00,barcode08,?,11923,0,0,330,359,?
6016e1e3-9980-4d72-8425-224f33b11dc8,469,2023-05-09T06:19:09.611556+01:00,barcode08,rabv_ea,11923,4650,5051,367,393,RABV_EA
5733e863-8e97-41c6-a0a1-6459337ac4f5,693,2023-05-09T06:18:57.611556+01:00,barcode08,?,11923,0,0,373,390,?
d23e9258-657b-41a3-8fd4-a3749cf42822,548,2023-05-09T06:19:14.611556+01:00,barcode08,rabv_ea,11923,10180,10574,358,386,RABV_EA
29255a46-b0d4-465a-b0c3-74e198ee00ef,468,2023-05-09T06:19:00.611556+01:00,barcode08,rabv_ea,11923,9852,10246,374,386,RABV_EA
6cbecc0b-0dfe-487d-99e3-9f42e89d3a77,458,2023-05-09T06:19:16.611556+01:00,barcode08,rabv_ea,11923,11414,11794,347,372,RABV_EA
bf72f014-e018-41b3-9660-28bfc6ba7b3b,1363,2023-05-09T06:19:03.611556+01:00,barcode08,?,11923,0,0,404,414,?
9d4b0f78-1006-4b59-b10f-7db908c44200,486,2023-05-09T06:18:40.611556+01:00,barcode08,rabv_ea,11923,1864,2259,370,385,RABV_EA
a2b0e152-b92f-49c3-9ede-353289647e94,1037,2023-05-09T06:18:55.611556+01:00,barcode08,?,11923,0,0,395,407,?
e665c4ea-9baf-4808-8cb6-ccbe1dbf66c2,522,2023-05-09T06:18:50.611556+01:00,barcode08,rabv_ea,11923,9851,10259,386,397,RABV_EA
95a94980-79cf-400e-b07c-b6f4c6a81439,899,2023-05-09T06:18:15.611556+01:00,barcode08,?,11923,0,0,396,412,?
00a273eb-751a-454b-92f0-9ed644e28b22,474,2023-05-09T06:18:15.611556+01:00,barcode08,rabv_ea,11923,4908,5299,369,384,RABV_EA
e2c145be-b1f4-4c43-aff4-c29e30daa611,550,2023-05-09T06:19:08.611556+01:00,barcode08,rabv_ea,11923,1864,2255,354,379,RABV_EA
518168cf-4363-4f45-871e-769884ffaf35,520,2023-05-09T06:19:08.611556+01:00,barcode08,rabv_ea,11923,1872,2262,354,374,RABV_EA
f8adb829-3900-4a4a-bd66-b55b7bcbc849,1042,2023-05-09T06:19:01.611556+01:00,barcode08,?,11923,0,0,392,413,?
f57f0e98-2c7a-4c01-89e3-55abe70ec1bc,1022,2023-05-09T06:18:58.611556+01:00,barcode08,?,11923,0,0,367,410,?
ac1a3378-6468-4e8f-8d1c-50abbf521216,877,2023-05-09T06:18:47.611556+01:00,barcode08,?,11923,0,0,341,365,?
9f9370a1-d86a-4ec7-8e4c-5ef1638edd36,1364,2023-05-09T06:18:39.611556+01:00,barcode08,?,11923,0,0,380,406,?
5c0f64c4-279a-47bb-bab4-1f2b1cbd32be,542,2023-05-09T06:19:00.611556+01:00,barcode08,rabv_ea,11923,10172,10571,352,383,RABV_EA
8340e57f-0037-4a5f-a5a9-ebf9c0dd71c4,414,2023-05-09T06:18:58.611556+01:00,barcode08,rabv_ea,11923,1864,2205,306,323,RABV_EA
46d3b943-e369-4340-b3bf-39fe4dffe5ae,509,2023-05-09T06:18:58.611556+01:00,barcode08,rabv_ea,11923,319,700,344,371,RABV_EA
7f1c0261-6534-448e-9027-7e9a002579ee,1163,2023-05-09T06:18:56.611556+01:00,barcode08,?,11923,0,0,363,384,?
574267ec-0dd8-4be0-b073-e5697985f85d,924,2023-05-09T06:19:00.611556+01:00,barcode08,?,11923,0,0,375,385,?
dd2130d1-12d0-4cbf-b361-bb839bdf0eae,344,2023-05-09T06:18:42.611556+01:00,barcode08,*,0,0,0,0,0,*
7eece743-a8af-47bc-bba9-8a92b08d2016,450,2023-05-09T06:19:31.611556+01:00,barcode08,rabv_ea,11923,11112,11488,350,363,RABV_EA
56622d5d-7ba3-4129-9dc2-a08462ce9a2a,301,2023-05-09T06:19:13.611556+01:00,barcode08,*,0,0,0,0,0,*
5d19aea0-a289-4a49-8972-54f2b1d29979,2124,2023-05-09T06:19:29.611556+01:00,barcode08,?,11923,0,0,387,395,?
2b5b2514-7c77-4300-af96-42c641cf259a,315,2023-05-09T06:19:12.611556+01:00,barcode08,rabv_ea,11923,4339,4538,186,194,RABV_EA
2bb8a587-9847-446c-934e-d9eba7136e6a,957,2023-05-09T06:19:10.611556+01:00,barcode08,?,11923,0,0,390,400,?
2c8f4b8d-b13a-4aa8-a467-f5973d3d819c,1758,2023-05-09T06:19:10.611556+01:00,barcode08,?,11923,0,0,343,364,?
a86dba7f-d8ad-48a9-8e2c-c0a0a104fbb3,488,2023-05-09T06:18:54.611556+01:00,barcode08,rabv_ea,11923,5203,5598,385,386,RABV_EA
c3769a40-9890-403e-8b55-c0a99bc317a2,497,2023-05-09T06:19:06.611556+01:00,barcode08,rabv_ea,11923,4633,5051,369,400,RABV_EA
93ca2ca1-8dc7-40a1-9886-463db1043740,490,2023-05-09T06:19:04.611556+01:00,barcode08,rabv_ea,11923,8929,9318,347,364,RABV_EA
8be3ef71-91e9-4b49-8fb3-9e493ce2d9a7,458,2023-05-09T06:18:56.611556+01:00,barcode08,rabv_ea,11923,3062,3458,362,377,RABV_EA
0de45ad1-198f-4c12-9e51-bea3f1706439,454,2023-05-09T06:18:53.611556+01:00,barcode08,rabv_ea,11923,11114,11493,352,367,RABV_EA
6bead968-5906-4f9a-90b3-77b43b13d7fc,472,2023-05-09T06:19:12.611556+01:00,barcode08,rabv_ea,11923,10181,10575,354,385,RABV_EA
89536404-ddef-45d5-a0d1-24226dfe6c4d,467,2023-05-09T06:19:08.611556+01:00,barcode08,rabv_ea,11923,5852,6220,346,357,RABV_EA
a8babc42-7343-40b7-9f75-239d82de6893,892,2023-05-09T06:19:25.611556+01:00,barcode08,rabv_ea,11923,4631,5592,754,789,RABV_EA
23d73af5-f55d-4c85-8781-8cbc7c736b69,438,2023-05-09T06:19:09.611556+01:00,barcode08,rabv_ea,11923,943,1322,353,370,RABV_EA
0e7af03d-5b38-4b5b-bd35-8ce6837ddf95,519,2023-05-09T06:19:08.611556+01:00,barcode08,rabv_ea,11923,9854,10263,385,394,RABV_EA
637b1f25-5148-4b9b-9cc0-ebe057083150,521,2023-05-09T06:19:14.611556+01:00,barcode08,rabv_ea,11923,9851,10260,358,381,RABV_EA
d044f9df-510f-4671-9d3a-abb5e5b2bb9f,506,2023-05-09T06:19:27.611556+01:00,barcode08,rabv_ea,11923,10167,10563,354,383,RABV_EA
65869868-f06b-4c8b-874a-f8417d7e855b,194,2023-05-09T06:19:03.611556+01:00,barcode08,*,0,0,0,0,0,*
755afc07-ea86-440f-9643-2fe46c11081e,933,2023-05-09T06:18:11.611556+01:00,barcode08,?,11923,0,0,366,396,?
096ae115-c8ca-4593-8093-d0cb97b83137,521,2023-05-09T06:19:24.611556+01:00,barcode08,rabv_ea,11923,6424,6834,362,387,RABV_EA
f4d9a051-f856-491e-aabe-ec19e71f371d,531,2023-05-09T06:19:31.611556+01:00,barcode08,rabv_ea,11923,10164,10575,366,394,RABV_EA
df179c7f-61cb-4b44-837b-c1e4b8e8ff22,448,2023-05-09T06:19:28.611556+01:00,barcode08,rabv_ea,11923,1873,2247,344,360,RABV_EA
49ef6ff3-3432-40d7-9b73-e166132290b6,282,2023-05-09T06:19:24.611556+01:00,barcode08,rabv_ea,11923,6133,6307,159,166,RABV_EA
d185f176-d321-4e7e-a1be-43719fd8e097,2128,2023-05-09T06:19:21.611556+01:00,barcode08,?,11923,0,0,378,394,?
921e33d6-90c6-4cc3-b132-8feff615f1df,442,2023-05-09T06:19:24.611556+01:00,barcode08,rabv_ea,11923,939,1320,358,374,RABV_EA
7c1c422a-7a6b-4a80-8c32-6dc8a44081f1,863,2023-05-09T06:19:37.611556+01:00,barcode08,?,11923,0,0,389,405,?
839c2d03-d3fd-4145-b572-8b2c6d6ba3c8,456,2023-05-09T06:19:40.611556+01:00,barcode08,rabv_ea,11923,9549,9931,335,359,RABV_EA
82f3cb75-3a5a-455a-91c1-cd1843ab99ef,469,2023-05-09T06:19:22.611556+01:00,barcode08,rabv_ea,11923,9851,10248,367,386,RABV_EA
810c9a26-c855-4532-ad07-dbeb3036ad74,459,2023-05-09T06:19:21.611556+01:00,barcode08,rabv_ea,11923,11120,11478,316,344,RABV_EA
9380d9ea-050f-4eac-aeae-639b09a0f328,449,2023-05-09T06:19:29.611556+01:00,barcode08,rabv_ea,11923,11111,11494,358,371,RABV_EA
a888678c-8fc3-410e-92c3-97ca1b318645,208,2023-05-09T06:19:29.611556+01:00,barcode08,*,0,0,0,0,0,*
2ba04731-630a-45cd-8258-f3b3a382fd36,467,2023-05-09T06:19:28.611556+01:00,barcode08,rabv_ea,11923,9852,10247,356,375,RABV_EA
8e01d76e-4cce-4c47-8cf6-18851ac9f189,1276,2023-05-09T06:19:25.611556+01:00,barcode08,?,11923,0,0,370,386,?
822bc0c5-195f-4d73-a05d-37e05ca19cd4,458,2023-05-09T06:19:10.611556+01:00,barcode08,rabv_ea,11923,11405,11773,327,356,RABV_EA
b464cdc6-5739-4b4b-9780-6552dd157104,493,2023-05-09T06:19:41.611556+01:00,barcode08,rabv_ea,11923,8927,9325,355,373,RABV_EA
9982f125-20ed-47b6-9e3d-7a930fd5915d,520,2023-05-09T06:19:23.611556+01:00,barcode08,rabv_ea,11923,9851,10263,381,398,RABV_EA
12cb814f-79ac-41d4-b3f2-f563dab993be,524,2023-05-09T06:19:25.611556+01:00,barcode08,rabv_ea,11923,10164,10576,367,389,RABV_EA
a6df8e28-02c5-4e2c-ae62-00d231cd4b81,910,2023-05-09T06:19:40.611556+01:00,barcode08,?,11923,0,0,381,404,?
3f48ef14-abe7-445e-9241-3be1f6aea5d3,530,2023-05-09T06:19:28.611556+01:00,barcode08,rabv_ea,11923,10164,10576,376,403,RABV_EA
68635c83-1e5f-4313-b26c-25359b6afa51,466,2023-05-09T06:19:28.611556+01:00,barcode08,rabv_ea,11923,4626,5036,354,383,RABV_EA
33932fa5-10d4-471b-b2e9-f0a06d62f9a0,838,2023-05-09T06:19:26.611556+01:00,barcode08,rabv_ea,11923,10173,10576,361,388,RABV_EA
e087488d-be05-44bc-a7b3-7eb64b6dde2e,806,2023-05-09T06:19:27.611556+01:00,barcode08,?,11923,0,0,313,332,?
e1dae567-58de-46bf-ad1d-c3152974a423,539,2023-05-09T06:19:53.611556+01:00,barcode08,rabv_ea,11923,10164,10576,372,398,RABV_EA
9a56327f-0faa-4e0a-b66f-57e53ed32373,461,2023-05-09T06:19:15.611556+01:00,barcode08,rabv_ea,11923,3062,3455,366,380,RABV_EA
1831fc42-a83d-461f-ba21-1336f3c331cf,431,2023-05-09T06:19:15.611556+01:00,barcode08,rabv_ea,11923,319,690,327,345,RABV_EA
1709996a-ad30-4f0e-a830-2fd037b2a69b,521,2023-05-09T06:19:39.611556+01:00,barcode08,rabv_ea,11923,10163,10573,364,393,RABV_EA
5a1e780a-91ea-4316-9469-398ba4a298b1,491,2023-05-09T06:19:36.611556+01:00,barcode08,rabv_ea,11923,8927,9325,374,390,RABV_EA
b548d80f-94f6-441c-b0ee-384f7bac65ac,455,2023-05-09T06:19:36.611556+01:00,barcode08,rabv_ea,11923,11110,11494,363,380,RABV_EA
bb6853e0-754a-4b04-b6a9-7c3e3e0ac691,482,2023-05-09T06:19:40.611556+01:00,barcode08,rabv_ea,11923,11096,11319,207,219,RABV_EA
5a9d7088-1057-4922-8faf-ade6823dfc73,469,2023-05-09T06:19:30.611556+01:00,barcode08,rabv_ea,11923,10172,10559,352,380,RABV_EA
f81bc1dd-babe-4442-a79b-ec594dd311a0,537,2023-05-09T06:19:52.611556+01:00,barcode08,rabv_ea,11923,3385,3791,379,398,RABV_EA
0806fec9-80ad-4d40-8a71-341c7f38c7a9,686,2023-05-09T06:19:51.611556+01:00,barcode08,?,11923,0,0,335,357,?
b9377746-13c1-48e8-9aab-5176f804a28f,449,2023-05-09T06:19:32.611556+01:00,barcode08,rabv_ea,11923,9874,10247,318,342,RABV_EA
7123f038-91c2-4d33-b01e-9f6b20ce1a2d,544,2023-05-09T06:19:38.611556+01:00,barcode08,rabv_ea,11923,11392,11792,373,392,RABV_EA
30a97326-d7db-4714-b745-4c208c7e1c4c,508,2023-05-09T06:19:41.611556+01:00,barcode08,rabv_ea,11923,319,710,361,377,RABV_EA
0da6b7ed-2756-4e9f-b528-1b5a7e2c2871,430,2023-05-09T06:19:20.611556+01:00,barcode08,rabv_ea,11923,977,1331,319,342,RABV_EA
0b6d3bec-3e11-40a6-be08-89e2f3b1af15,920,2023-05-09T06:19:17.611556+01:00,barcode08,?,11923,0,0,360,376,?
5eb41cf2-285c-4b68-8f3b-43344ef9a440,505,2023-05-09T06:18:09.611556+01:00,barcode08,rabv_ea,11923,8927,9325,365,387,RABV_EA
551f5756-0f54-49a8-86f7-471cdc71d675,457,2023-05-09T06:19:55.611556+01:00,barcode08,rabv_ea,11923,319,697,346,368,RABV_EA
fd955041-d320-4db7-91c0-7408bc9f1405,1232,2023-05-09T06:19:52.611556+01:00,barcode08,?,11923,0,0,360,382,?
4397bd74-eb03-484b-bb41-517345db8482,447,2023-05-09T06:19:53.611556+01:00,barcode08,rabv_ea,11923,319,688,349,365,RABV_EA
d90b57b9-ff49-4990-83ff-acc7e66e3129,927,2023-05-09T06:19:11.611556+01:00,barcode08,?,11923,0,0,357,375,?
4da0f4e3-aef4-4aeb-8b52-afc9b2c473d0,453,2023-05-09T06:19:19.611556+01:00,barcode08,rabv_ea,11923,1879,2264,329,360,RABV_EA
8ff14d45-6b63-47be-abe6-0e8a5a5dcb33,1274,2023-05-09T06:19:13.611556+01:00,barcode08,?,11923,0,0,353,375,?
d4dc87cd-c195-47aa-b51d-87d04e0b3935,541,2023-05-09T06:19:50.611556+01:00,barcode08,rabv_ea,11923,10164,10576,377,402,RABV_EA
2dba3f94-10e5-44a8-97a8-c891c87bf371,863,2023-05-09T06:19:03.611556+01:00,barcode08,?,11923,0,0,371,385,?
8615f407-38c9-49f8-8641-0e379a32634b,290,2023-05-09T06:19:54.611556+01:00,barcode08,*,0,0,0,0,0,*
33121026-cc32-4828-bb86-0d929f6fcccc,600,2023-05-09T06:19:53.611556+01:00,barcode08,*,0,0,0,0,0,*
c24e0f06-f5a1-462f-8e7d-0f52ba96ddae,645,2023-05-09T06:20:01.611556+01:00,barcode08,?,11923,0,0,368,386,?
d2b522fc-c9b2-4cdd-aac4-ca3401478e8d,660,2023-05-09T06:19:28.611556+01:00,barcode08,?,11923,0,0,377,396,?
5f43f99b-4411-4601-ae29-fc25bc419ff3,326,2023-05-09T06:20:04.611556+01:00,barcode08,rabv_ea,11923,11276,11494,197,213,RABV_EA
248ff745-9149-4103-a852-6cb299f0216c,263,2023-05-09T06:19:27.611556+01:00,barcode08,rabv_ea,11923,3062,3203,136,141,RABV_EA
f52044ba-b8fe-4ddd-a105-d946ee30ffc2,498,2023-05-09T06:20:00.611556+01:00,barcode08,rabv_ea,11923,3384,3781,368,390,RABV_EA
4bd454e4-b01c-41aa-9cc4-8accc34198db,533,2023-05-09T06:19:52.611556+01:00,barcode08,rabv_ea,11923,10164,10576,367,393,RABV_EA
90df35ca-3484-44bc-9008-94899683dd4c,516,2023-05-09T06:20:01.611556+01:00,barcode08,rabv_ea,11923,8927,9323,369,383,RABV_EA
79093eb6-4a3c-4038-ade8-e0f4829e645d,533,2023-05-09T06:19:15.611556+01:00,barcode08,rabv_ea,11923,10169,10576,347,392,RABV_EA
a8732b75-3cfd-49ab-866c-021c93aa3215,516,2023-05-09T06:19:59.611556+01:00,barcode08,rabv_ea,11923,319,696,338,367,RABV_EA
8590e81f-6a17-4e99-bd7e-a61814b9501d,473,2023-05-09T06:19:59.611556+01:00,barcode08,rabv_ea,11923,3062,3459,365,388,RABV_EA
2d3e6cfa-d83f-4e12-ad8a-84b7ad9a33da,856,2023-05-09T06:19:53.611556+01:00,barcode08,?,11923,0,0,353,376,?
5ebf00bd-a435-45e5-852e-ffb475708b4c,866,2023-05-09T06:19:34.611556+01:00,barcode08,?,11923,0,0,383,407,?
9e4bd7fe-7de3-44d4-9289-40e0ffe074bd,519,2023-05-09T06:19:40.611556+01:00,barcode08,rabv_ea,11923,9851,10263,374,395,RABV_EA
9c3fed76-d000-4e68-9691-8551819d60d3,385,2023-05-09T06:19:55.611556+01:00,barcode08,rabv_ea,11923,4339,4560,205,215,RABV_EA
11cc2929-d73b-4903-87e0-d18c5268b1b9,479,2023-05-09T06:19:42.611556+01:00,barcode08,rabv_ea,11923,10164,10570,357,391,RABV_EA
fff044d0-b850-4923-ba61-a4ee9396b10f,933,2023-05-09T06:19:53.611556+01:00,barcode08,?,11923,0,0,375,395,?
ba6b4dbf-0504-4814-847d-6535f3e9d6ad,1327,2023-05-09T06:19:50.611556+01:00,barcode08,?,11923,0,0,387,395,?
325528a1-8f8d-4a71-b901-755ba6e3989d,934,2023-05-09T03:52:17.611556+01:00,barcode08,?,11923,0,0,361,386,?
2a7df3ce-d7b4-41fd-b49f-84530d1853cf,462,2023-05-09T06:19:58.611556+01:00,barcode08,rabv_ea,11923,6438,6828,364,375,RABV_EA
a2aaa0a0-798c-4800-b5b4-e0a765560812,930,2023-05-09T06:19:59.611556+01:00,barcode08,?,11923,0,0,388,402,?
c143166f-0aba-470d-a0b6-cb8ac4e97173,544,2023-05-09T06:19:53.611556+01:00,barcode08,rabv_ea,11923,10164,10570,360,392,RABV_EA
8807972b-e5aa-44d5-a0ca-6ed40876459d,532,2023-05-09T06:19:45.611556+01:00,barcode08,rabv_ea,11923,3395,3791,372,393,RABV_EA
3ec8b00f-9e5b-4e84-8bb0-4be96fabe8ab,480,2023-05-09T06:19:47.611556+01:00,barcode08,rabv_ea,11923,10164,10575,359,394,RABV_EA
86db9ec1-8c74-450e-b5ba-d21372247f29,924,2023-05-09T06:19:46.611556+01:00,barcode08,?,11923,0,0,366,387,?
9e69f03b-7d0a-4102-b4b6-3542fc129b2c,513,2023-05-09T06:19:49.611556+01:00,barcode08,rabv_ea,11923,1864,2263,372,389,RABV_EA
2b440964-cfc8-4225-9e6d-7dbc207e31fe,962,2023-05-09T06:19:43.611556+01:00,barcode08,rabv_ea,11923,3064,3791,674,710,RABV_EA
b144f777-3e68-4889-9a0d-a0a21ed1f3b2,806,2023-05-09T06:19:58.611556+01:00,barcode08,?,11923,0,0,329,359,?
3ab40c42-80f0-46fb-a321-770a0fe284b8,441,2023-05-09T06:19:44.611556+01:00,barcode08,rabv_ea,11923,11120,11493,338,357,RABV_EA
a04a10ed-f6e0-453e-b09a-0fd3f3eb183f,390,2023-05-09T06:19:46.611556+01:00,barcode08,rabv_ea,11923,6506,6828,291,309,RABV_EA
deb7a960-2e43-4267-abf6-ccb5a166e666,1570,2023-05-09T06:19:43.611556+01:00,barcode08,?,11923,0,0,392,411,?
699a8d48-0225-42e1-bfef-deaa21f5dfd8,515,2023-05-09T06:19:43.611556+01:00,barcode08,rabv_ea,11923,319,706,372,382,RABV_EA
0670dc90-47f2-430a-af36-702f1a79df59,1415,2023-05-09T06:19:40.611556+01:00,barcode08,?,11923,0,0,381,395,?
8634ec98-b225-4d17-aaf8-b083d4283cd0,498,2023-05-09T06:19:46.611556+01:00,barcode08,rabv_ea,11923,319,710,339,360,RABV_EA
5ae87118-76e2-471f-a24b-2af775ac2009,529,2023-05-09T06:19:44.611556+01:00,barcode08,rabv_ea,11923,10181,10570,342,376,RABV_EA
fb1deb31-1314-45dd-acd5-8129eb315cf1,452,2023-05-09T06:20:03.611556+01:00,barcode08,rabv_ea,11923,954,1316,334,355,RABV_EA
01268e32-d9e0-4891-a5d2-0c4d763acb5d,871,2023-05-09T06:19:15.611556+01:00,barcode08,?,11923,0,0,374,392,?
4e5be869-4aad-4be8-b3ba-1510f66c796e,467,2023-05-09T06:19:19.611556+01:00,barcode08,rabv_ea,11923,3064,3455,363,382,RABV_EA
0609163b-2a02-4370-a94f-0b8b7b4b99a6,697,2023-05-09T06:19:43.611556+01:00,barcode08,?,11923,0,0,379,403,?
1870d672-99df-4b08-baa5-2365944b1cec,542,2023-05-09T06:19:17.611556+01:00,barcode08,rabv_ea,11923,10169,10574,370,398,RABV_EA
d7e024fe-50b3-467c-951f-aef42c386dcf,524,2023-05-09T06:19:55.611556+01:00,barcode08,rabv_ea,11923,3390,3791,386,395,RABV_EA
cef3eef0-066b-4955-815f-461b5ddff5b5,850,2023-05-09T06:20:14.611556+01:00,barcode08,?,11923,0,0,335,369,?
ccfff729-075b-4cc9-b47a-b9a33ad05047,244,2023-05-09T06:19:20.611556+01:00,barcode08,rabv_ea,11923,6133,6237,101,103,RABV_EA
b6088800-cc5d-47b8-8795-b948e4608996,523,2023-05-09T06:19:47.611556+01:00,barcode08,rabv_ea,11923,319,710,360,384,RABV_EA
29005373-0397-457c-b3fd-41734750a743,460,2023-05-09T06:20:15.611556+01:00,barcode08,rabv_ea,11923,3062,3457,353,377,RABV_EA
3aa77b76-52da-4455-98b2-128ed9d3a427,228,2023-05-09T06:20:02.611556+01:00,barcode08,rabv_ea,11923,10164,10323,148,157,RABV_EA
9dbf2d2e-74a3-42a9-a0f8-92cae2a2e700,283,2023-05-09T06:19:36.611556+01:00,barcode08,rabv_ea,11923,4626,4736,101,107,RABV_EA
84797495-8f87-4793-87c9-0d1af18d8cde,525,2023-05-09T06:19:35.611556+01:00,barcode08,rabv_ea,11923,10165,10576,367,398,RABV_EA
82ba0cb3-9ec4-462d-a57b-c57542c57ff2,2944,2023-05-09T06:19:35.611556+01:00,barcode08,?,11923,0,0,393,403,?
963e98f4-ebbd-4ae8-ba77-efb84fbf410a,891,2023-05-09T06:20:11.611556+01:00,barcode08,rabv_ea,11923,1864,2263,360,384,RABV_EA
0a371ca3-0025-42fe-913a-ca0d2f2b99ab,461,2023-05-09T06:19:45.611556+01:00,barcode08,rabv_ea,11923,5854,6223,342,352,RABV_EA
07b37542-8680-45c9-93ee-a6169238fb58,361,2023-05-09T06:19:17.611556+01:00,barcode08,rabv_ea,11923,1978,2255,259,269,RABV_EA
4fb6c05e-d390-4545-88b5-514b21ec7b12,860,2023-05-09T06:20:14.611556+01:00,barcode08,?,11923,0,0,361,381,?
ca078577-c562-47fa-8d69-d22c0c044ba1,543,2023-05-09T06:20:10.611556+01:00,barcode08,rabv_ea,11923,10164,10573,378,400,RABV_EA
f631a995-250c-4369-b177-6054e8774a3d,694,2023-05-09T06:20:08.611556+01:00,barcode08,rabv_ea,11923,3385,3791,379,394,RABV_EA
f2ba03e6-f46a-4679-ace3-0d4114535ac1,307,2023-05-09T06:19:35.611556+01:00,barcode08,rabv_ea,11923,5075,5283,189,201,RABV_EA
f6be0d60-d00f-4513-b398-a04969f16439,1813,2023-05-09T06:19:58.611556+01:00,barcode08,?,11923,0,0,377,392,?
a0137990-aece-4699-91e7-1b5ebd785dcd,522,2023-05-09T06:20:09.611556+01:00,barcode08,rabv_ea,11923,9859,10263,371,387,RABV_EA
afa711ae-4196-49ef-8e26-b4f8672ce70d,439,2023-05-09T06:20:13.611556+01:00,barcode08,rabv_ea,11923,960,1337,337,357,RABV_EA
ea7f0c3e-c328-4b39-8a8d-9f2d08402e65,355,2023-05-09T06:20:11.611556+01:00,barcode08,*,0,0,0,0,0,*
b2f64119-5131-4581-9a0c-18a657143ee1,1307,2023-05-09T06:20:00.611556+01:00,barcode08,?,11923,0,0,361,381,?
46ebbbab-f582-4aaf-8616-956186f8e78c,922,2023-05-09T06:19:36.611556+01:00,barcode08,?,11923,0,0,378,394,?
f976efd1-66ff-405e-806a-e3f1e6798cc2,1139,2023-05-09T06:20:07.611556+01:00,barcode08,?,11923,0,0,356,377,?
15551c78-c8d6-4cbb-ae47-4d99b04cdfbf,458,2023-05-09T06:20:03.611556+01:00,barcode08,rabv_ea,11923,11109,11494,348,372,RABV_EA
dd50e1b6-aba2-4309-80aa-4f7483e7a41b,576,2023-05-09T06:20:01.611556+01:00,barcode08,?,11923,0,0,341,361,?
7caea61c-7144-43e6-8668-a0dabd3bca5d,1353,2023-05-09T06:20:33.611556+01:00,barcode08,?,11923,0,0,362,382,?
240bea70-d74c-48b3-bd46-723426d0ce4c,1757,2023-05-09T06:19:33.611556+01:00,barcode08,?,11923,0,0,367,388,?
79677d8b-1e2e-4fef-be8d-aed455313b63,1239,2023-05-09T06:20:01.611556+01:00,barcode08,?,11923,0,0,386,405,?
ea349fa7-1d70-4805-8d4b-9567870076fa,454,2023-05-09T06:19:47.611556+01:00,barcode08,rabv_ea,11923,9851,10246,370,381,RABV_EA
49caa5a2-6f90-46f6-a5b8-6d8d61da9ab5,886,2023-05-09T06:20:35.611556+01:00,barcode08,?,11923,0,0,364,386,?
bec37a03-7edf-4296-8432-124223360ac0,535,2023-05-09T06:20:12.611556+01:00,barcode08,rabv_ea,11923,11097,11494,360,383,RABV_EA
c0c7a078-0b56-4b0d-830d-37a33ec0a28b,756,2023-05-09T06:20:09.611556+01:00,barcode08,rabv_ea,11923,1864,2262,353,375,RABV_EA
a9bcc8ee-48c8-4701-946f-742fdfb89273,874,2023-05-09T06:20:12.611556+01:00,barcode08,?,11923,0,0,386,400,?
9f1aa0b0-dcad-44a5-8451-e773e023021d,499,2023-05-09T06:19:49.611556+01:00,barcode08,rabv_ea,11923,319,700,356,371,RABV_EA
55b9a3ac-7a06-49c7-a244-6b7dd74be527,245,2023-05-09T06:19:38.611556+01:00,barcode08,rabv_ea,11923,9537,9634,90,93,RABV_EA
6b224e4f-806b-4362-824d-1801e372d5fa,471,2023-05-09T06:19:35.611556+01:00,barcode08,rabv_ea,11923,9851,10233,345,365,RABV_EA
3aa7b94d-25a1-44f0-8d04-e80b9395ec09,885,2023-05-09T06:20:11.611556+01:00,barcode08,?,11923,0,0,360,388,?
023629ef-503f-47e1-a3e5-8f48fdb840ab,239,2023-05-09T06:19:50.611556+01:00,barcode08,rabv_ea,11923,3677,3791,110,114,RABV_EA
82c78846-7661-4d57-be70-d2594392be8b,862,2023-05-09T06:19:20.611556+01:00,barcode08,?,11923,0,0,375,386,?
d8811a0c-c830-4e81-835a-180dc8a43080,889,2023-05-09T06:20:17.611556+01:00,barcode08,?,11923,0,0,352,375,?
3d61bdba-43d3-4ae9-823a-07dca727e8c2,1422,2023-05-09T06:20:16.611556+01:00,barcode08,?,11923,0,0,376,396,?
a9cec11c-bbaf-49a5-a4d9-ec1d86ed7373,917,2023-05-09T06:20:10.611556+01:00,barcode08,?,11923,0,0,392,418,?
1ca9fe42-b320-4697-9ece-593e42f522d3,587,2023-05-09T06:20:11.611556+01:00,barcode08,*,0,0,0,0,0,*
3ba92ec6-6502-4e0d-9098-5fc4d0c5c380,610,2023-05-09T06:18:10.611556+01:00,barcode08,rabv_ea,11923,10168,10576,366,396,RABV_EA
7d4b2ae5-af26-452d-893c-adba1227d86d,541,2023-05-09T06:20:31.611556+01:00,barcode08,rabv_ea,11923,10167,10576,371,402,RABV_EA
34be5841-ee4f-43ce-bb9b-1a87f64ab654,464,2023-05-09T06:20:46.611556+01:00,barcode08,rabv_ea,11923,3399,3791,354,374,RABV_EA
4431de12-b032-46a8-83ec-fd88c16f6ef6,1298,2023-05-09T06:20:15.611556+01:00,barcode08,?,11923,0,0,378,393,?
f1b8c3eb-0547-468c-9307-9f16cc127acb,547,2023-05-09T06:20:17.611556+01:00,barcode08,rabv_ea,11923,4632,5051,386,409,RABV_EA
a768496a-fd28-4158-981c-b4fbbf5050f0,462,2023-05-09T06:20:38.611556+01:00,barcode08,rabv_ea,11923,319,696,361,374,RABV_EA
39e36c59-ac03-46a3-8c2d-377f923a9b76,896,2023-05-09T06:20:35.611556+01:00,barcode08,?,11923,0,0,378,400,?
5ed2741e-9d30-478f-8d9a-d3b07575dda5,470,2023-05-09T06:18:12.611556+01:00,barcode08,rabv_ea,11923,4634,5038,364,393,RABV_EA
0e105e36-fb4d-4b86-9534-dbbacbe177ab,478,2023-05-09T06:20:17.611556+01:00,barcode08,rabv_ea,11923,5198,5592,365,382,RABV_EA
8d49a00f-1c3a-4026-bd04-c706ce4ef3e0,838,2023-05-09T06:19:57.611556+01:00,barcode08,?,11923,0,0,356,383,?
1e1f7bcc-6623-41d7-a39c-afa94832a058,453,2023-05-09T06:19:56.611556+01:00,barcode08,rabv_ea,11923,11124,11493,326,353,RABV_EA
5ebd81ee-b8aa-495b-a3c1-ed934d71d295,471,2023-05-09T06:18:09.611556+01:00,barcode08,rabv_ea,11923,6424,6820,374,389,RABV_EA
b1d4d4a7-b64c-4c7d-a65d-33a618985d67,471,2023-05-09T06:20:19.611556+01:00,barcode08,rabv_ea,11923,3062,3458,352,377,RABV_EA
be53778c-96c8-4307-919e-86b1e9b9e22f,446,2023-05-09T06:18:10.611556+01:00,barcode08,rabv_ea,11923,11187,11488,274,289,RABV_EA
6e4b6992-d854-4c06-af70-9883bbf54ea5,830,2023-05-09T06:20:46.611556+01:00,barcode08,?,11923,0,0,347,372,?
a5a67dd8-05aa-4ef2-b435-f2180e6a18f4,527,2023-05-09T06:20:47.611556+01:00,barcode08,rabv_ea,11923,9851,10263,371,395,RABV_EA
adecde0f-888d-4474-9e30-9c929cedc4c1,527,2023-05-09T06:20:06.611556+01:00,barcode08,rabv_ea,11923,10164,10576,355,384,RABV_EA
77c4d358-2653-43cd-b569-136b4ab62477,460,2023-05-09T06:20:58.611556+01:00,barcode08,rabv_ea,11923,5198,5582,339,369,RABV_EA
44af90b2-e270-449e-836a-7f2ee9dfc5e3,476,2023-05-09T06:20:43.611556+01:00,barcode08,rabv_ea,11923,10164,10556,355,379,RABV_EA
cebac7fe-c3c4-4ae0-8870-0ad17d4921ae,372,2023-05-09T06:20:40.611556+01:00,barcode08,rabv_ea,11923,11191,11488,281,292,RABV_EA
735f8c51-1232-45af-8aff-e266f0555bf5,879,2023-05-09T06:20:05.611556+01:00,barcode08,?,11923,0,0,372,392,?
914c5bb1-58d0-43ab-9643-9e31246263c3,510,2023-05-09T06:20:12.611556+01:00,barcode08,rabv_ea,11923,10187,10571,318,352,RABV_EA
b9fc78fa-8d41-4758-909d-1a148e0ebbf5,433,2023-05-09T06:19:57.611556+01:00,barcode08,rabv_ea,11923,956,1337,345,357,RABV_EA
c843cc8f-2543-4bcc-ad08-f04f7fb9878f,535,2023-05-09T06:20:46.611556+01:00,barcode08,rabv_ea,11923,10164,10576,388,407,RABV_EA
b4e1fe1f-18c1-44b0-af79-a776cc3552a4,523,2023-05-09T06:20:47.611556+01:00,barcode08,rabv_ea,11923,1864,2264,364,387,RABV_EA
77041e35-3b37-41cb-bd5b-0d000b5b72d3,459,2023-05-09T06:21:00.611556+01:00,barcode08,rabv_ea,11923,9851,10250,381,390,RABV_EA
1a4a7d82-ec17-4e53-9874-45ee36ed9751,448,2023-05-09T06:20:08.611556+01:00,barcode08,rabv_ea,11923,6437,6824,349,371,RABV_EA
dfd3fcb9-f12e-4643-88a9-1bd0435a1854,466,2023-05-09T06:20:04.611556+01:00,barcode08,rabv_ea,11923,5196,5595,372,392,RABV_EA
179505be-f4b3-47bd-9bac-64edb9419cd2,953,2023-05-09T06:20:58.611556+01:00,barcode08,?,11923,0,0,368,390,?
ac03ff2e-25e9-4b28-b569-dfc1caf78be0,787,2023-05-09T06:20:39.611556+01:00,barcode08,?,11923,0,0,350,378,?
023168e9-2174-4bb4-94d3-ffc704c727e9,461,2023-05-09T06:20:42.611556+01:00,barcode08,rabv_ea,11923,3062,3458,368,386,RABV_EA
632e8d24-0c20-4302-9214-81ca3df91d9f,473,2023-05-09T06:20:06.611556+01:00,barcode08,rabv_ea,11923,10164,10562,351,381,RABV_EA
d5e59daf-7ae9-4528-98e8-bb23bca9e892,865,2023-05-09T06:20:05.611556+01:00,barcode08,?,11923,0,0,359,375,?
3b6abd1c-09f8-4274-9e7c-13c2beefcf25,466,2023-05-09T06:20:41.611556+01:00,barcode08,rabv_ea,11923,2749,3147,366,386,RABV_EA
8fa086a1-4506-4945-8f83-fb5dba9d2918,456,2023-05-09T06:21:00.611556+01:00,barcode08,rabv_ea,11923,9855,10241,365,376,RABV_EA
55375a91-f38a-4031-914c-fb9b2a6d931d,467,2023-05-09T06:20:06.611556+01:00,barcode08,rabv_ea,11923,9869,10263,367,387,RABV_EA
ed47ec1b-3680-465a-97a6-77f76ff4db59,580,2023-05-09T06:20:07.611556+01:00,barcode08,rabv_ea,11923,319,711,349,375,RABV_EA
9ac5087a-8644-48a4-be04-9552a8e71eff,1660,2023-05-09T06:20:03.611556+01:00,barcode08,?,11923,0,0,390,399,?
b0dad097-1098-4639-8ea7-4acaa2889e77,526,2023-05-09T06:20:06.611556+01:00,barcode08,rabv_ea,11923,9851,10263,375,400,RABV_EA
5eb830e5-62ad-4381-a453-6d67fb8790bb,508,2023-05-09T06:20:43.611556+01:00,barcode08,rabv_ea,11923,319,711,338,369,RABV_EA
0d04c7e5-add7-449e-86c1-4d49664551be,464,2023-05-09T06:20:41.611556+01:00,barcode08,rabv_ea,11923,2733,3133,359,379,RABV_EA
770c2239-cd49-4034-b6e2-f47c27d78972,484,2023-05-09T06:20:09.611556+01:00,barcode08,rabv_ea,11923,10172,10563,351,376,RABV_EA
504012c1-89f9-4620-9abf-b708ea5e165b,522,2023-05-09T06:21:08.611556+01:00,barcode08,rabv_ea,11923,10164,10571,364,389,RABV_EA
4f209410-387a-459c-b660-a3af47264939,552,2023-05-09T06:20:40.611556+01:00,barcode08,rabv_ea,11923,4626,5051,389,413,RABV_EA
89741a42-c7da-48a5-a91b-6beb7cb91921,1297,2023-05-09T06:20:21.611556+01:00,barcode08,?,11923,0,0,400,413,?
635bf5c7-cfbe-4626-8317-37226c6ba5d7,533,2023-05-09T06:20:08.611556+01:00,barcode08,rabv_ea,11923,9851,10259,379,397,RABV_EA
5d12522d-a203-4a22-92de-217526a8718c,475,2023-05-09T06:20:37.611556+01:00,barcode08,rabv_ea,11923,9871,10263,369,382,RABV_EA
82a40a63-7b76-4226-ab02-cabe81782d10,881,2023-05-09T06:20:35.611556+01:00,barcode08,?,11923,0,0,377,395,?
ddfe40a5-c3b1-4f56-b64c-fd3fa635ac6c,924,2023-05-09T06:20:24.611556+01:00,barcode08,?,11923,0,0,384,397,?
66fe5e69-0ab5-4e51-a4b4-fbf8a4be2238,936,2023-05-09T06:20:36.611556+01:00,barcode08,?,11923,0,0,379,393,?
79749a93-98f6-4445-af91-a72f954b9218,526,2023-05-09T06:20:37.611556+01:00,barcode08,rabv_ea,11923,10164,10570,358,390,RABV_EA
d34e03bd-25f5-40b7-9b57-5ca6154c1b0c,943,2023-05-09T06:20:38.611556+01:00,barcode08,?,11923,0,0,386,403,?
d4454472-c80c-4035-9783-7e11d1f7a71e,478,2023-05-09T06:20:24.611556+01:00,barcode08,rabv_ea,11923,4643,5033,358,382,RABV_EA
43122fb8-56aa-4063-8756-3755f9ddd321,546,2023-05-09T06:20:25.611556+01:00,barcode08,rabv_ea,11923,10170,10576,379,400,RABV_EA
cc237cd4-5b48-4d14-8d26-554393d600b7,536,2023-05-09T06:20:25.611556+01:00,barcode08,rabv_ea,11923,3394,3791,368,387,RABV_EA
dd6dba7a-8471-4809-a845-5691d0e32499,518,2023-05-09T06:20:39.611556+01:00,barcode08,rabv_ea,11923,9851,10263,383,398,RABV_EA
82228a28-5d37-499f-9bef-697b78b84542,864,2023-05-09T06:20:36.611556+01:00,barcode08,?,11923,0,0,375,403,?
a0f59c30-de5a-45d6-be6c-7f2bed558906,418,2023-05-09T06:21:09.611556+01:00,barcode08,rabv_ea,11923,10219,10576,303,336,RABV_EA
d24a521a-8a26-41d0-80e3-eb5139db7294,538,2023-05-09T06:20:08.611556+01:00,barcode08,rabv_ea,11923,10164,10576,381,403,RABV_EA
e5f8e619-2b81-4cb6-bcf2-8168454b6aa8,447,2023-05-09T06:20:39.611556+01:00,barcode08,rabv_ea,11923,5212,5606,357,370,RABV_EA
176e1e07-6269-4f0d-acae-688ce11229ba,514,2023-05-09T06:20:41.611556+01:00,barcode08,rabv_ea,11923,319,687,337,353,RABV_EA
19752d05-257a-4619-b26b-ef41932d8f25,891,2023-05-09T06:20:22.611556+01:00,barcode08,?,11923,0,0,383,398,?
60d4d9c9-a2be-46cc-ae85-b76c5319a665,330,2023-05-09T06:21:08.611556+01:00,barcode08,rabv_ea,11923,11231,11494,225,243,RABV_EA
1259dda6-9691-4532-b940-68d58528f378,464,2023-05-09T06:21:05.611556+01:00,barcode08,rabv_ea,11923,9637,9923,251,265,RABV_EA
2ad27699-84a8-455b-b8ed-36ff19071e59,372,2023-05-09T06:20:40.611556+01:00,barcode08,rabv_ea,11923,5924,6222,280,290,RABV_EA
3f8c993a-ff11-463a-b3e4-0c2b89c11eb1,879,2023-05-09T06:20:35.611556+01:00,barcode08,?,11923,0,0,373,384,?
162ad2a4-6519-485f-a5da-d33a9a9e9d2a,287,2023-05-09T06:20:51.611556+01:00,barcode08,*,0,0,0,0,0,*
d28f9c86-d481-4abe-abdd-34b513600aed,536,2023-05-09T06:20:49.611556+01:00,barcode08,rabv_ea,11923,10164,10576,369,399,RABV_EA
3674d8d5-c93f-4bc9-9e73-4c24d8fb4bc7,874,2023-05-09T06:20:42.611556+01:00,barcode08,?,11923,0,0,366,385,?
d347c463-c007-4186-ac35-1067c1ef948c,869,2023-05-09T06:21:13.611556+01:00,barcode08,?,11923,0,0,367,377,?
13fecbb7-0f8b-4481-a437-807f8fa04165,551,2023-05-09T06:20:25.611556+01:00,barcode08,rabv_ea,11923,9851,10172,293,308,RABV_EA
85517864-e431-4b72-b51d-6fb8a9ecc791,462,2023-05-09T06:21:15.611556+01:00,barcode08,rabv_ea,11923,3062,3459,352,375,RABV_EA
6c0e15b1-c480-4dbf-8676-00f282441b2c,481,2023-05-09T06:20:24.611556+01:00,barcode08,rabv_ea,11923,5199,5608,378,393,RABV_EA
1192fbb5-7f32-4fcc-8be1-5201ed79ea2a,611,2023-05-09T06:20:49.611556+01:00,barcode08,rabv_ea,11923,3402,3791,374,382,RABV_EA
62e6af88-49cd-4d24-8b01-1e4010c875bc,466,2023-05-09T06:20:51.611556+01:00,barcode08,rabv_ea,11923,10164,10563,366,385,RABV_EA
c59a4944-8c57-456f-86f0-3501c4b2c09d,557,2023-05-09T06:20:25.611556+01:00,barcode08,rabv_ea,11923,10170,10576,367,392,RABV_EA
6911fbda-db9f-4bd3-bab8-627d6b7019b8,1024,2023-05-09T06:21:06.611556+01:00,barcode08,?,11923,0,0,360,382,?
daa1aba0-32e2-4611-9ee2-39f7bec28ac5,534,2023-05-09T06:21:08.611556+01:00,barcode08,rabv_ea,11923,3393,3785,379,387,RABV_EA
b58296f1-98ba-4f8e-98a2-dab437e5aaa3,335,2023-05-09T06:20:42.611556+01:00,barcode08,rabv_ea,11923,319,541,202,212,RABV_EA
52359057-495b-45d8-80b9-e85e2f146460,516,2023-05-09T06:20:45.611556+01:00,barcode08,rabv_ea,11923,1864,2187,295,313,RABV_EA
761d832c-c8d7-4cab-af8a-9f66b5ce7bfa,1328,2023-05-09T06:20:32.611556+01:00,barcode08,?,11923,0,0,361,384,?
9b8933d3-9afe-4780-92b8-0fb61141894f,478,2023-05-09T06:20:48.611556+01:00,barcode08,rabv_ea,11923,10164,10576,371,398,RABV_EA
305a5712-675e-4201-8a14-8893c140eb99,543,2023-05-09T06:21:36.611556+01:00,barcode08,rabv_ea,11923,9851,10263,371,402,RABV_EA
1d8f7559-39ae-4abc-b4c4-99b9689b666c,973,2023-05-09T06:20:33.611556+01:00,barcode08,?,11923,0,0,371,383,?
985fdf89-579e-4ea7-9bb9-cd20f190d2e8,890,2023-05-09T06:20:45.611556+01:00,barcode08,?,11923,0,0,397,411,?
72c40a29-3993-4515-b435-7723410e52fd,455,2023-05-09T06:20:50.611556+01:00,barcode08,rabv_ea,11923,939,1320,344,368,RABV_EA
47eacbf4-71f0-4472-b9bc-98119a9362ad,978,2023-05-09T06:21:13.611556+01:00,barcode08,?,11923,0,0,381,399,?
c6f6fccc-30ba-4c43-b9cb-328e17fd2cf4,902,2023-05-09T06:21:14.611556+01:00,barcode08,?,11923,0,0,375,388,?
ac2d02cb-235c-416f-8b10-ab4578d2244b,524,2023-05-09T06:20:44.611556+01:00,barcode08,rabv_ea,11923,9851,10260,382,396,RABV_EA
28c6bfdf-26f4-4055-815a-018eb28e3368,906,2023-05-09T06:20:43.611556+01:00,barcode08,?,11923,0,0,366,376,?
a93b03a1-39e8-4078-924e-6724cff143e6,870,2023-05-09T06:20:47.611556+01:00,barcode08,?,11923,0,0,361,379,?
2207c7c9-d384-40c4-a934-5b6b6873fbd2,808,2023-05-09T06:21:15.611556+01:00,barcode08,?,11923,0,0,379,391,?
7dc33902-92c9-469e-b807-9147bbe728d6,531,2023-05-09T06:20:48.611556+01:00,barcode08,rabv_ea,11923,3066,3472,376,393,RABV_EA
2b97e703-795f-46f0-9345-8492a80bcfa1,464,2023-05-09T06:20:52.611556+01:00,barcode08,rabv_ea,11923,3402,3775,338,363,RABV_EA
4c5d6e1b-eb42-482a-901f-ab5abedd4cde,520,2023-05-09T06:20:29.611556+01:00,barcode08,rabv_ea,11923,3383,3788,359,379,RABV_EA
827ab3a4-797b-4247-8037-7f482b17fb78,1015,2023-05-09T06:20:45.611556+01:00,barcode08,?,11923,0,0,379,395,?
de337f8c-bc8e-4f43-82a3-4f2b75d9ecea,1278,2023-05-09T06:20:49.611556+01:00,barcode08,?,11923,0,0,377,383,?
c2ece18e-3448-4a86-a7d6-29caa37ac1c9,914,2023-05-09T06:21:31.611556+01:00,barcode08,?,11923,0,0,384,398,?
72c45913-6cde-419c-a6e2-2d13476f3055,453,2023-05-09T06:20:50.611556+01:00,barcode08,rabv_ea,11923,2445,2824,345,368,RABV_EA
c6f2353a-c993-4535-8176-1ff8abb8bcd2,1347,2023-05-09T06:20:29.611556+01:00,barcode08,?,11923,0,0,396,408,?
5cac0688-42e9-4af7-b3bd-4ca0ff7d4c22,914,2023-05-09T06:20:32.611556+01:00,barcode08,?,11923,0,0,367,385,?
925c0e80-caf1-465f-a87a-2edb7932864b,487,2023-05-09T06:20:49.611556+01:00,barcode08,rabv_ea,11923,9851,10240,362,380,RABV_EA
aede450a-b66f-4cc4-ae54-46b273ed80bb,465,2023-05-09T06:21:12.611556+01:00,barcode08,rabv_ea,11923,11405,11790,351,377,RABV_EA
4a32fca3-f9e5-4700-ba63-a7b107e8bb67,532,2023-05-09T06:20:31.611556+01:00,barcode08,rabv_ea,11923,10164,10570,355,391,RABV_EA
5ef6b851-c967-4a25-a175-1be84af7bec1,836,2023-05-09T06:20:32.611556+01:00,barcode08,?,11923,0,0,367,387,?
f8fcffc6-b374-405a-8b78-0256f41a6ef7,1282,2023-05-09T06:20:17.611556+01:00,barcode08,?,11923,0,0,362,377,?
99c61c62-f96f-42ac-ae67-0ff444b12221,843,2023-05-09T06:21:01.611556+01:00,barcode08,?,11923,0,0,353,368,?
db3b2316-4781-4226-9a4f-c2dacb01b3e6,1766,2023-05-09T06:21:45.611556+01:00,barcode08,rabv_ea,11923,9851,10262,394,405,RABV_EA
c3db76ae-09dd-4f26-a909-ff070fdc00c5,428,2023-05-09T06:21:10.611556+01:00,barcode08,rabv_ea,11923,9869,10243,327,345,RABV_EA
51c169a3-caa2-4405-b038-d0998e6ce1c6,855,2023-05-09T06:21:09.611556+01:00,barcode08,?,11923,0,0,371,390,?
94b916de-43d7-4955-bdf5-490f010c2455,551,2023-05-09T06:21:51.611556+01:00,barcode08,rabv_ea,11923,10170,10576,380,403,RABV_EA
9ad71d19-6738-407b-90a8-f50ba74502b0,300,2023-05-09T06:20:29.611556+01:00,barcode08,rabv_ea,11923,3062,3242,165,174,RABV_EA
a3626a64-f274-4839-b3a7-012fbc456e42,943,2023-05-09T06:21:50.611556+01:00,barcode08,?,11923,0,0,388,410,?
e263b9ba-9a0d-4beb-a50f-6ecac74d5e5b,507,2023-05-09T06:21:43.611556+01:00,barcode08,rabv_ea,11923,1865,2263,361,377,RABV_EA
0f0e7af8-61bd-476c-a013-10c95f9c4478,530,2023-05-09T06:21:04.611556+01:00,barcode08,rabv_ea,11923,10164,10576,370,401,RABV_EA
534dcb37-48f8-4b41-9d83-5ab1d47d38b8,1274,2023-05-09T06:21:40.611556+01:00,barcode08,?,11923,0,0,356,371,?
cb8c9546-8a31-415c-8c4f-622d93857532,443,2023-05-09T06:21:01.611556+01:00,barcode08,rabv_ea,11923,1878,2242,307,342,RABV_EA
c8ea5681-2310-4df5-ae36-beffa4592e23,474,2023-05-09T06:20:28.611556+01:00,barcode08,rabv_ea,11923,11392,11773,355,373,RABV_EA
a6df6ce5-92e7-4521-b082-3265a2739861,302,2023-05-09T06:21:02.611556+01:00,barcode08,rabv_ea,11923,302,452,142,147,RABV_EA
7b64db15-0783-431b-bb00-1291218be9ce,827,2023-05-09T06:20:27.611556+01:00,barcode08,?,11923,0,0,358,382,?
20d4681a-ae46-4c76-a9e7-2f6907318064,521,2023-05-09T06:21:49.611556+01:00,barcode08,rabv_ea,11923,10170,10576,370,393,RABV_EA
400575dd-6ba2-444e-8c20-eb4d04f6f14b,440,2023-05-09T06:21:48.611556+01:00,barcode08,rabv_ea,11923,11113,11494,348,365,RABV_EA
ab2b1e0a-ee06-4946-9e34-7272f1912cdb,530,2023-05-09T06:21:46.611556+01:00,barcode08,rabv_ea,11923,10164,10576,358,389,RABV_EA
4d1bcd86-b971-43d2-990d-eef26a6d78b1,463,2023-05-09T06:21:00.611556+01:00,barcode08,rabv_ea,11923,1864,2246,348,371,RABV_EA
018b0d56-ab01-4e90-8f90-088338e1079b,862,2023-05-09T06:21:01.611556+01:00,barcode08,?,11923,0,0,379,391,?
e4535817-5b71-4975-8f0e-e6d122a2cc56,863,2023-05-09T06:21:00.611556+01:00,barcode08,?,11923,0,0,361,393,?
ddf856d8-9b33-4c22-b6b4-262e486d404e,535,2023-05-09T06:21:01.611556+01:00,barcode08,rabv_ea,11923,10164,10576,376,402,RABV_EA
9d846e10-705e-4e9c-b2ba-0e6f0eb326db,541,2023-05-09T06:21:01.611556+01:00,barcode08,rabv_ea,11923,10194,10580,343,373,RABV_EA
81a6734b-0344-4489-8081-6a866beb5789,460,2023-05-09T06:21:09.611556+01:00,barcode08,rabv_ea,11923,11391,11780,336,362,RABV_EA
b52ff65b-8283-45f0-a311-a73f059253b0,477,2023-05-09T06:21:03.611556+01:00,barcode08,rabv_ea,11923,628,1034,379,398,RABV_EA
ae1c0435-c6ba-435a-a7e5-6b070ec9d42d,749,2023-05-09T06:20:59.611556+01:00,barcode08,?,11923,0,0,366,383,?
2ae75c33-a1bc-4426-817f-059a35a8b260,621,2023-05-09T06:21:03.611556+01:00,barcode08,?,11923,0,0,303,320,?
d86c7e6d-1d62-4e72-b225-2e246b018fbe,520,2023-05-09T06:21:03.611556+01:00,barcode08,rabv_ea,11923,8927,9318,364,380,RABV_EA
a1f2fec4-0e3f-47da-95c6-3c0d90a3709e,838,2023-05-09T06:21:09.611556+01:00,barcode08,?,11923,0,0,374,388,?
03ea8dc7-3240-418f-964a-edf1e987b9e2,461,2023-05-09T06:21:21.611556+01:00,barcode08,rabv_ea,11923,6425,6816,365,375,RABV_EA
4bd6fe6f-2ec6-423e-8f42-aab047ec8d2a,234,2023-05-09T06:21:23.611556+01:00,barcode08,*,0,0,0,0,0,*
b8c69c17-4418-43cf-8836-9dc470bba369,932,2023-05-09T06:21:10.611556+01:00,barcode08,?,11923,0,0,365,382,?
735b1537-7ed9-436e-87dd-76f1a2a96ceb,538,2023-05-09T06:21:09.611556+01:00,barcode08,rabv_ea,11923,10187,10576,355,382,RABV_EA
fe396a4d-9164-4d76-a06f-b69143881a83,466,2023-05-09T06:21:12.611556+01:00,barcode08,rabv_ea,11923,3062,3455,369,383,RABV_EA
5fb2bfbf-3400-4e9d-a5c5-becdf54006d1,864,2023-05-09T06:21:01.611556+01:00,barcode08,?,11923,0,0,343,372,?
f0f7b02d-8ae6-473d-abef-5a70464af4e7,544,2023-05-09T06:21:13.611556+01:00,barcode08,rabv_ea,11923,10164,10581,361,401,RABV_EA
e5728362-80f3-492b-be86-6e1da56ce09f,1301,2023-05-09T06:21:17.611556+01:00,barcode08,?,11923,0,0,367,391,?
7992426a-b4be-494e-b9d3-a8b1016d47c0,1013,2023-05-09T06:21:19.611556+01:00,barcode08,rabv_ea,11923,9851,10261,377,395,RABV_EA
1cbe34c2-9997-4aaa-a4f4-b99577c8edf2,493,2023-05-09T06:21:19.611556+01:00,barcode08,rabv_ea,11923,10164,10561,350,382,RABV_EA
b43dfd18-7480-400f-8ed7-b99b48f318f1,446,2023-05-09T06:21:21.611556+01:00,barcode08,rabv_ea,11923,1864,2241,339,360,RABV_EA
3fed1c94-738c-4c86-81a3-825f06124377,1264,2023-05-09T06:20:55.611556+01:00,barcode08,?,11923,0,0,358,387,?
159fdba6-a21f-408c-9f1e-b0855fd06f7e,728,2023-05-09T06:21:24.611556+01:00,barcode08,?,11923,0,0,365,386,?
91fb8b0b-984c-455c-b00b-97a6d6495d75,452,2023-05-09T06:21:45.611556+01:00,barcode08,rabv_ea,11923,3063,3458,365,378,RABV_EA
886b13a5-dcf5-4b70-b314-5bd3e2a43d1c,560,2023-05-09T06:21:26.611556+01:00,barcode08,rabv_ea,11923,2733,3150,379,406,RABV_EA
3b05fd61-b815-4428-b2fb-4e3f14aefdfa,457,2023-05-09T06:21:14.611556+01:00,barcode08,rabv_ea,11923,6427,6820,361,384,RABV_EA
869719f7-ade2-47b1-873c-6cc62226d170,833,2023-05-09T06:21:20.611556+01:00,barcode08,?,11923,0,0,366,383,?
007b959f-c060-41b9-b35f-3e8ac03c339a,1324,2023-05-09T06:21:45.611556+01:00,barcode08,?,11923,0,0,387,399,?
3215bd46-df0d-4463-8944-fcce35c0feb3,843,2023-05-09T06:21:19.611556+01:00,barcode08,?,11923,0,0,365,382,?
f11180f9-cec8-4b76-8f76-a871e8dd2438,928,2023-05-09T06:21:18.611556+01:00,barcode08,?,11923,0,0,374,396,?
beccb417-13d9-4e73-b58c-10c4f87bebdc,848,2023-05-09T06:21:23.611556+01:00,barcode08,?,11923,0,0,368,388,?
716f4dca-6851-4977-9c9c-b82f4ba124ed,517,2023-05-09T06:21:40.611556+01:00,barcode08,rabv_ea,11923,10164,10580,365,394,RABV_EA
e02a0833-6de8-4a42-b9a0-146adbc45ad1,1298,2023-05-09T06:22:03.611556+01:00,barcode08,?,11923,0,0,382,396,?
79c95863-c89e-4599-8518-4ed6c5e4430d,535,2023-05-09T06:22:10.611556+01:00,barcode08,rabv_ea,11923,10168,10573,366,394,RABV_EA
7ebc6e27-2d59-4639-9880-612fb583f3a3,471,2023-05-09T06:22:12.611556+01:00,barcode08,rabv_ea,11923,9851,10247,367,381,RABV_EA
1960d0ce-5cce-4329-a494-1310a11f7e22,293,2023-05-09T06:22:15.611556+01:00,barcode08,*,0,0,0,0,0,*
dfd8e422-e817-4a1c-ac94-8946d4a1a056,516,2023-05-09T06:21:18.611556+01:00,barcode08,rabv_ea,11923,319,709,359,374,RABV_EA
0ec155d0-14de-42e8-8a3d-ec3f91084926,1608,2023-05-09T06:21:20.611556+01:00,barcode08,?,11923,0,0,261,280,?
0fb9e8cc-dcb2-4dcf-91f3-bf3f4732d0c4,464,2023-05-09T06:22:07.611556+01:00,barcode08,rabv_ea,11923,11111,11494,365,380,RABV_EA
b7844069-fd45-4445-92d8-f86bf7992847,938,2023-05-09T06:21:16.611556+01:00,barcode08,?,11923,0,0,376,403,?
68082835-78a0-49b0-baef-d68dc3471101,517,2023-05-09T06:21:20.611556+01:00,barcode08,rabv_ea,11923,9857,10263,360,387,RABV_EA
97792690-1626-4cf0-9a14-fe3b8521c8b6,1200,2023-05-09T06:21:21.611556+01:00,barcode08,?,11923,0,0,363,375,?
896b9f63-831f-4894-a963-c320d22c33aa,519,2023-05-09T06:22:10.611556+01:00,barcode08,rabv_ea,11923,10164,10569,364,393,RABV_EA
9d5f56df-6a6e-4ced-84f5-7d6b9d08ab6c,899,2023-05-09T06:20:53.611556+01:00,barcode08,?,11923,0,0,376,402,?
78db167d-1f3f-4bcd-a647-69730cf32532,1714,2023-05-09T06:21:13.611556+01:00,barcode08,?,11923,0,0,390,408,?
e27d8ead-d488-45cb-bc1f-9ca130be25e7,418,2023-05-09T06:21:23.611556+01:00,barcode08,rabv_ea,11923,4994,5299,283,301,RABV_EA
69c68996-4aea-41ff-8bb4-5cd566d181d8,1747,2023-05-09T06:21:21.611556+01:00,barcode08,?,11923,0,0,375,391,?
c1b2ab31-8da7-4b2e-a925-d99c34ff62e2,469,2023-05-09T06:22:08.611556+01:00,barcode08,rabv_ea,11923,9879,10255,351,364,RABV_EA
502b859d-0ddf-4289-963d-18c959331ba1,840,2023-05-09T06:22:08.611556+01:00,barcode08,?,11923,0,0,377,396,?
f1a32f81-34a3-4982-a328-83dee2ccd7e6,383,2023-05-09T06:22:10.611556+01:00,barcode08,?,11923,0,0,239,256,?
75101b07-6117-481b-bad9-0d66d7bd3a0b,539,2023-05-09T06:22:19.611556+01:00,barcode08,rabv_ea,11923,10172,10576,368,392,RABV_EA
4db12842-0179-4d48-8e05-28788620afda,467,2023-05-09T06:21:24.611556+01:00,barcode08,rabv_ea,11923,9851,10247,365,383,RABV_EA
bc849175-d3b3-479c-8955-5bd2e91e2960,448,2023-05-09T06:21:24.611556+01:00,barcode08,rabv_ea,11923,1569,1956,343,364,RABV_EA
96cb4956-a062-4e64-bce2-18cf2da759a1,452,2023-05-09T06:21:32.611556+01:00,barcode08,rabv_ea,11923,11409,11778,331,352,RABV_EA
16f87bd7-e0bc-482e-8dfa-0f9e60642cc9,513,2023-05-09T06:20:55.611556+01:00,barcode08,rabv_ea,11923,11096,11486,358,378,RABV_EA
20c5358a-8814-4497-8445-2bdaf8eb324d,479,2023-05-09T06:22:19.611556+01:00,barcode08,rabv_ea,11923,4626,5036,372,401,RABV_EA
17dc68a9-2fad-4ebf-bbf4-5745f7b62470,374,2023-05-09T06:22:19.611556+01:00,barcode08,rabv_ea,11923,5294,5608,288,301,RABV_EA
294f80ff-6d61-4a37-8472-19f3f2d4f1ce,537,2023-05-09T06:22:21.611556+01:00,barcode08,rabv_ea,11923,10164,10570,352,384,RABV_EA
3ed6bdd3-06b3-4932-b1a2-d05a963e333f,350,2023-05-09T06:21:22.611556+01:00,barcode08,rabv_ea,11923,1918,2153,213,225,RABV_EA
f60c9bd2-86f0-4ecf-a500-14ce392c7c6a,266,2023-05-09T06:20:57.611556+01:00,barcode08,*,0,0,0,0,0,*
d82e3480-4a10-4b0d-b95a-29ee25b8c13b,1378,2023-05-09T06:21:58.611556+01:00,barcode08,?,11923,0,0,327,356,?
86d4afe0-43cc-45f3-89c3-e9150e228c5e,473,2023-05-09T06:20:57.611556+01:00,barcode08,rabv_ea,11923,6424,6808,353,372,RABV_EA
e1c389de-5ecf-4584-9517-dcb9943aaeee,522,2023-05-09T06:21:16.611556+01:00,barcode08,rabv_ea,11923,10164,10576,364,396,RABV_EA
b35f71a2-a2ba-44df-94ad-271872d6efd6,532,2023-05-09T06:21:25.611556+01:00,barcode08,rabv_ea,11923,10164,10573,372,394,RABV_EA
b9685385-f779-458c-b3c7-4f9d4c6110e9,1677,2023-05-09T06:21:59.611556+01:00,barcode08,?,11923,0,0,372,392,?
1d30ad11-0972-4e1f-baf8-ebb121ac98d3,467,2023-05-09T06:21:23.611556+01:00,barcode08,rabv_ea,11923,10179,10576,364,384,RABV_EA
27ed6a31-6f76-4e95-a753-18dbce942214,537,2023-05-09T06:21:15.611556+01:00,barcode08,rabv_ea,11923,4643,5051,359,388,RABV_EA
69950b74-1cc8-47b1-9fba-d89f2e1c3c21,465,2023-05-09T06:21:25.611556+01:00,barcode08,rabv_ea,11923,84,459,351,368,RABV_EA
cbee0ac7-d6ff-4d72-aee0-ec1f04870d64,742,2023-05-09T06:22:21.611556+01:00,barcode08,?,11923,0,0,336,366,?
2143aad5-3ae1-47e9-9560-e2e4b642a51b,1454,2023-05-09T06:21:21.611556+01:00,barcode08,?,11923,0,0,379,384,?
042f955a-5220-4fff-8d5b-733392b55f95,544,2023-05-09T06:22:16.611556+01:00,barcode08,rabv_ea,11923,1864,2263,353,376,RABV_EA
d44fda87-2831-423a-834c-e271ee8ed92c,1284,2023-05-09T06:21:29.611556+01:00,barcode08,?,11923,0,0,357,372,?
824f30cf-112b-4300-ad9a-c2f4b013d213,468,2023-05-09T06:21:34.611556+01:00,barcode08,rabv_ea,11923,8942,9325,357,373,RABV_EA
135566a2-02dd-493e-838a-1968ec3119dd,615,2023-05-09T06:21:31.611556+01:00,barcode08,?,11923,0,0,326,348,?
a778da92-6f01-404d-8d0b-0794003006c6,921,2023-05-09T06:21:30.611556+01:00,barcode08,?,11923,0,0,346,372,?
a69f35eb-0e05-42e2-bf23-71d1bcadbdc3,175,2023-05-09T06:21:36.611556+01:00,barcode08,*,0,0,0,0,0,*
2e6d8c0b-f78f-4031-8d4d-78fc7f76142a,1109,2023-05-09T06:21:48.611556+01:00,barcode08,?,11923,0,0,320,345,?
1488cf15-ab7d-4f13-bfb9-3fbaf534be1f,541,2023-05-09T06:21:47.611556+01:00,barcode08,rabv_ea,11923,10164,10576,364,401,RABV_EA
45066f27-3c26-4cd6-b820-05c4b443790c,412,2023-05-09T06:21:46.611556+01:00,barcode08,rabv_ea,11923,11450,11794,322,337,RABV_EA
680b5039-5940-42ef-90b5-cb9d820ac45e,909,2023-05-09T06:21:46.611556+01:00,barcode08,?,11923,0,0,357,372,?
60b0cf0e-4329-4cdc-bd4d-2258fec206fb,650,2023-05-09T06:22:28.611556+01:00,barcode08,?,11923,0,0,385,409,?
0e384b65-3117-41e4-9b0b-3290c2da9579,466,2023-05-09T06:22:28.611556+01:00,barcode08,rabv_ea,11923,2746,3150,359,385,RABV_EA
f9c6341d-cf52-4b5e-8e40-6201e9c2cb6a,545,2023-05-09T06:22:26.611556+01:00,barcode08,rabv_ea,11923,10164,10580,378,410,RABV_EA
80b19136-a8af-4981-988c-24d38697f720,649,2023-05-09T06:22:26.611556+01:00,barcode08,?,11923,0,0,367,397,?
5af153f0-e0fc-4965-9f66-e2e2dc441172,538,2023-05-09T06:21:40.611556+01:00,barcode08,rabv_ea,11923,10170,10576,371,399,RABV_EA
67b8a0b1-a39e-469b-81b2-21cf159a31f7,978,2023-05-09T06:21:42.611556+01:00,barcode08,?,11923,0,0,378,404,?
d413bbe9-6a8e-46c7-88d6-27a92309ef61,1078,2023-05-09T06:22:18.611556+01:00,barcode08,?,11923,0,0,371,391,?
fc9e738b-b411-43b8-89b6-debd68bedd97,448,2023-05-09T06:21:34.611556+01:00,barcode08,rabv_ea,11923,9851,10248,367,376,RABV_EA
e62f722c-105e-4088-9819-b1c289b61221,1302,2023-05-09T06:22:16.611556+01:00,barcode08,?,11923,0,0,382,399,?
6071d63a-27fa-4d7b-b7ba-1b3f963493be,526,2023-05-09T06:22:20.611556+01:00,barcode08,rabv_ea,11923,8927,9325,374,387,RABV_EA
3b0b4804-792a-4f6b-bfc5-ea589fbd07fa,500,2023-05-09T06:22:08.611556+01:00,barcode08,rabv_ea,11923,1864,2264,362,380,RABV_EA
e45366cf-0960-47bf-9f61-3ede6b704c23,522,2023-05-09T06:22:16.611556+01:00,barcode08,rabv_ea,11923,8927,9325,359,378,RABV_EA
9bf756ef-04d0-4547-b6a3-25279b4afc5e,754,2023-05-09T06:22:03.611556+01:00,barcode08,rabv_ea,11923,1864,2233,340,355,RABV_EA
d5036d98-5e49-4fd3-b83a-12902aa1e682,450,2023-05-09T06:21:25.611556+01:00,barcode08,rabv_ea,11923,9550,9940,350,372,RABV_EA
56c64f9e-bdb5-45dc-a967-fb1b0d902315,784,2023-05-09T06:21:22.611556+01:00,barcode08,?,11923,0,0,260,272,?
ea5e89e1-51bf-463f-ac41-65263c44eb89,312,2023-05-09T06:21:35.611556+01:00,barcode08,*,0,0,0,0,0,*
096876d6-5ee8-4ad2-94f2-15ee82d890be,550,2023-05-09T06:21:32.611556+01:00,barcode08,rabv_ea,11923,10164,10576,375,400,RABV_EA
61dc3b42-5d3b-4bd5-a1b5-4e0911a8862c,924,2023-05-09T06:22:23.611556+01:00,barcode08,?,11923,0,0,373,389,?
534f887e-06c1-416b-bef4-52889f7c4e87,497,2023-05-09T06:21:59.611556+01:00,barcode08,rabv_ea,11923,319,641,291,308,RABV_EA
8f562c5b-80b1-4bc9-92b4-83852801bee4,227,2023-05-09T06:22:00.611556+01:00,barcode08,rabv_ea,11923,872,1032,142,157,RABV_EA
3fdf8ba1-daf6-4f93-935a-5e66f0a40958,546,2023-05-09T06:21:42.611556+01:00,barcode08,rabv_ea,11923,10171,10576,360,392,RABV_EA
8dd711f4-f449-45c2-9d04-6611b4c070a7,395,2023-05-09T06:22:18.611556+01:00,barcode08,rabv_ea,11923,6512,6829,301,310,RABV_EA
989585ef-6677-494b-a7e1-4f0413beaa04,1308,2023-05-09T06:22:02.611556+01:00,barcode08,?,11923,0,0,384,394,?
87b3157f-9881-45c4-81ed-345035b31b9d,909,2023-05-09T06:21:38.611556+01:00,barcode08,?,11923,0,0,385,404,?
5cfb0748-fd69-4c15-bac3-4aa90a86a39d,448,2023-05-09T06:22:17.611556+01:00,barcode08,rabv_ea,11923,3062,3457,337,363,RABV_EA
979d4f4d-c079-48e0-8fc4-b655a4006f4a,468,2023-05-09T06:22:26.611556+01:00,barcode08,rabv_ea,11923,11105,11493,369,382,RABV_EA
2540dba1-cf6e-4502-9c63-c47473fa5823,939,2023-05-09T06:22:30.611556+01:00,barcode08,?,11923,0,0,365,378,?
cb676e79-8e45-44f5-85f6-8cd776464c48,403,2023-05-09T06:21:31.611556+01:00,barcode08,rabv_ea,11923,10173,10515,306,326,RABV_EA
b1c321fb-2b5e-4eca-b2e1-15efac7c9e6d,487,2023-05-09T06:22:31.611556+01:00,barcode08,rabv_ea,11923,10164,10576,374,401,RABV_EA
a15a7532-c2b5-40dc-a61e-137adab0414b,398,2023-05-09T06:22:30.611556+01:00,barcode08,rabv_ea,11923,9011,9325,298,311,RABV_EA
918a3125-bfdb-4cad-9ffb-277f84c37a4a,876,2023-05-09T06:22:27.611556+01:00,barcode08,rabv_ea,11923,1864,3136,755,783,RABV_EA
dd1f9620-21ed-4ab1-8404-62843872016d,456,2023-05-09T06:21:35.611556+01:00,barcode08,rabv_ea,11923,6438,6829,354,380,RABV_EA
e347645e-fa7f-4ea8-9f00-359966078776,280,2023-05-09T06:21:38.611556+01:00,barcode08,rabv_ea,11923,3062,3252,181,188,RABV_EA
df99cacc-0fee-4081-966b-7a4ec8b8f3a5,460,2023-05-09T06:21:58.611556+01:00,barcode08,rabv_ea,11923,9851,10239,360,376,RABV_EA
f4b48b20-0a3d-4a7e-bab6-8e6927b1fb33,535,2023-05-09T06:22:25.611556+01:00,barcode08,rabv_ea,11923,10170,10576,351,390,RABV_EA
e00b1352-b1f5-4624-af9e-825b653bba11,473,2023-05-09T06:22:27.611556+01:00,barcode08,rabv_ea,11923,9864,10259,368,387,RABV_EA
3814cd4e-495b-45ad-a3e0-8961b0fb4d66,907,2023-05-09T06:21:41.611556+01:00,barcode08,?,11923,0,0,370,389,?
6e2e686f-f433-49e5-8c26-80da7a013520,453,2023-05-09T06:22:26.611556+01:00,barcode08,rabv_ea,11923,9851,10246,368,382,RABV_EA
3c2e0af6-f6ad-497f-a093-085cf56dcdd6,914,2023-05-09T06:21:57.611556+01:00,barcode08,?,11923,0,0,381,396,?
366a004a-77aa-4cab-8f55-40a6ed830f79,490,2023-05-09T06:22:34.611556+01:00,barcode08,rabv_ea,11923,10164,10573,369,398,RABV_EA
7f689404-1ef0-48ed-a37f-e85da84994ee,528,2023-05-09T06:22:00.611556+01:00,barcode08,*,0,0,0,0,0,*
bd5e690e-d891-4a00-bf65-1791114ad548,533,2023-05-09T06:21:58.611556+01:00,barcode08,rabv_ea,11923,10170,10576,368,386,RABV_EA
059fef06-3507-4418-a163-054e8d32ace4,460,2023-05-09T06:21:33.611556+01:00,barcode08,rabv_ea,11923,11407,11796,369,386,RABV_EA
39fcd5a5-da6e-4e55-97ea-b28d8dc2e186,454,2023-05-09T06:21:31.611556+01:00,barcode08,rabv_ea,11923,1871,2247,347,366,RABV_EA
a7520546-9b34-48a4-ae4f-0122beba5f41,482,2023-05-09T06:22:45.611556+01:00,barcode08,?,11923,0,0,231,243,?
ce8f409f-987f-40e6-b232-6e107da51132,550,2023-05-09T06:22:43.611556+01:00,barcode08,rabv_ea,11923,10164,10576,362,395,RABV_EA
e5de7575-7690-48ff-824b-1459637bfe05,926,2023-05-09T06:22:03.611556+01:00,barcode08,?,11923,0,0,370,388,?
1482f915-ef2d-4468-93cc-8c4f0f6d85e6,1002,2023-05-09T06:21:59.611556+01:00,barcode08,?,11923,0,0,338,358,?
72567994-dc8b-4fa2-be64-8bd61ebd9c1f,462,2023-05-09T06:21:31.611556+01:00,barcode08,rabv_ea,11923,10181,10576,335,373,RABV_EA
f4e4e751-e422-4357-90fe-3bf85b5a98a9,889,2023-05-09T06:21:33.611556+01:00,barcode08,?,11923,0,0,352,371,?
1e774410-ee64-451c-94fa-ca1c4b00ce13,531,2023-05-09T06:22:34.611556+01:00,barcode08,rabv_ea,11923,10164,10558,355,387,RABV_EA
d05ed9f5-81a9-4082-8469-9b449ba20c6d,2974,2023-05-09T06:22:06.611556+01:00,barcode08,?,11923,0,0,388,403,?
d8be180c-8392-4640-b5b6-f096e2084647,630,2023-05-09T06:22:36.611556+01:00,barcode08,?,11923,0,0,373,388,?
47c3619f-184d-4fd6-96f0-b4283b3daf1d,1666,2023-05-09T06:22:32.611556+01:00,barcode08,?,11923,0,0,377,397,?
c133eb98-8844-4ad7-8070-28e9dd9be909,924,2023-05-09T06:21:26.611556+01:00,barcode08,?,11923,0,0,368,388,?
4cdfdf97-bd93-4c93-96b6-2745589187c3,462,2023-05-09T06:21:43.611556+01:00,barcode08,rabv_ea,11923,9919,10247,292,313,RABV_EA
fb88c7af-a9ef-4723-a88e-b8aca47f23c5,532,2023-05-09T06:21:41.611556+01:00,barcode08,rabv_ea,11923,10164,10576,352,392,RABV_EA
12daf4c4-874a-42bb-b8a2-a68320e7ebc2,1293,2023-05-09T06:22:32.611556+01:00,barcode08,?,11923,0,0,362,377,?
a7767c65-bb6f-4f7b-97d3-55e458cf9fb8,863,2023-05-09T06:21:26.611556+01:00,barcode08,?,11923,0,0,370,381,?
7ae65700-f73e-4660-a9da-eec3f3bf9822,464,2023-05-09T06:22:52.611556+01:00,barcode08,rabv_ea,11923,9864,10261,369,385,RABV_EA
91483c5b-84c6-43b2-8ab4-51ed8d76b86c,420,2023-05-09T06:22:54.611556+01:00,barcode08,rabv_ea,11923,1873,2218,305,328,RABV_EA
71b5cb92-5be5-4076-9a4a-df862fd342d3,932,2023-05-09T06:22:19.611556+01:00,barcode08,?,11923,0,0,379,398,?
f41d3247-0f7c-4092-9298-393f96a47e4d,392,2023-05-09T06:21:27.611556+01:00,barcode08,rabv_ea,11923,1864,2192,295,316,RABV_EA
24276d83-3a8b-4cf0-bbf0-74496ba3e0f4,536,2023-05-09T06:22:21.611556+01:00,barcode08,rabv_ea,11923,6439,6828,360,378,RABV_EA
227205f0-af9f-49f4-9256-56605610918e,173,2023-05-09T06:22:02.611556+01:00,barcode08,*,0,0,0,0,0,*
641ae41f-b635-4a63-a6f4-10a6f8bd366b,966,2023-05-09T06:22:36.611556+01:00,barcode08,?,11923,0,0,397,404,?
66c5d12d-5ea2-48bf-a555-3efa119329f6,460,2023-05-09T06:22:50.611556+01:00,barcode08,rabv_ea,11923,11109,11494,338,371,RABV_EA
27575f49-d254-4ff8-8620-24340c7d3580,540,2023-05-09T06:22:04.611556+01:00,barcode08,rabv_ea,11923,10164,10575,373,402,RABV_EA
41804ce7-e664-45fe-9177-c3d5a9f9e007,541,2023-05-09T06:22:04.611556+01:00,barcode08,rabv_ea,11923,4626,5051,378,407,RABV_EA
a6a2d361-f3ba-4eda-8083-d2340dfd7692,516,2023-05-09T06:21:29.611556+01:00,barcode08,rabv_ea,11923,1864,2262,359,375,RABV_EA
7e973456-c8b5-4dde-bf6e-5eaf6737a0c6,480,2023-05-09T06:22:52.611556+01:00,barcode08,rabv_ea,11923,10164,10561,364,392,RABV_EA
58bce3ca-bb53-4ab5-9803-d34129eddabc,513,2023-05-09T06:22:54.611556+01:00,barcode08,rabv_ea,11923,1864,2264,364,391,RABV_EA
20508f8f-2224-46eb-b7ef-fb6a63770985,982,2023-05-09T06:21:48.611556+01:00,barcode08,?,11923,0,0,375,406,?
f072387a-f894-4326-a3be-7a991bade9a6,534,2023-05-09T06:22:23.611556+01:00,barcode08,rabv_ea,11923,10164,10570,365,389,RABV_EA
dfaf3761-3f97-4086-88f2-497140e4a1cb,321,2023-05-09T06:23:04.611556+01:00,barcode08,rabv_ea,11923,11272,11488,196,208,RABV_EA
113e1f64-e00a-49d2-9d7f-c0bbd9fee7c0,506,2023-05-09T06:21:40.611556+01:00,barcode08,rabv_ea,11923,319,705,361,379,RABV_EA
13abc6e1-44bb-4d4a-9e17-102f43318c90,488,2023-05-09T06:22:34.611556+01:00,barcode08,rabv_ea,11923,2745,3149,379,400,RABV_EA
48fd62c6-a689-4187-8b2c-b33e9e141023,1317,2023-05-09T06:22:36.611556+01:00,barcode08,?,11923,0,0,377,397,?
a3a3fd8a-3bde-4741-a2ad-c93d64aeff83,548,2023-05-09T06:21:52.611556+01:00,barcode08,rabv_ea,11923,10164,10580,374,402,RABV_EA
6b92fb19-4a92-4414-ac42-ef359c58be96,472,2023-05-09T06:22:16.611556+01:00,barcode08,rabv_ea,11923,11429,11796,341,362,RABV_EA
3de1c7de-4796-4021-96ed-719a8d907f25,478,2023-05-09T06:22:50.611556+01:00,barcode08,rabv_ea,11923,2733,3058,307,320,RABV_EA
6369cea0-14d8-405c-b3d4-4d56ad79fac1,440,2023-05-09T06:23:07.611556+01:00,barcode08,rabv_ea,11923,939,1316,340,363,RABV_EA
b0ca3c97-28de-415e-a809-ab813527bb6d,459,2023-05-09T06:22:46.611556+01:00,barcode08,rabv_ea,11923,11115,11494,355,374,RABV_EA
83b1c68a-de99-4fb9-b960-30d72261f194,459,2023-05-09T06:21:57.611556+01:00,barcode08,rabv_ea,11923,10182,10576,346,376,RABV_EA
b406cdc1-3c21-4d17-8d38-542b7abf45b2,858,2023-05-09T06:21:50.611556+01:00,barcode08,?,11923,0,0,340,366,?
10a517d3-9f13-47b1-b144-e9871692b565,461,2023-05-09T06:22:37.611556+01:00,barcode08,rabv_ea,11923,11111,11494,360,375,RABV_EA
9235ddda-17c5-47be-bb49-f61f5816f76e,718,2023-05-09T06:22:42.611556+01:00,barcode08,?,11923,0,0,373,382,?
aa3adb2f-804a-4b6c-92da-6e0e8db89c7e,532,2023-05-09T06:22:43.611556+01:00,barcode08,rabv_ea,11923,9851,10263,393,405,RABV_EA
6dc8515e-020a-400c-b45b-d03be8f6eb07,476,2023-05-09T06:21:51.611556+01:00,barcode08,rabv_ea,11923,10170,10562,358,386,RABV_EA
d3ab8028-c6ad-4570-9873-78c8745f5052,372,2023-05-09T06:22:44.611556+01:00,barcode08,rabv_ea,11923,5023,5287,238,260,RABV_EA
6cd24258-3284-49c9-a767-601bdd88649b,327,2023-05-09T06:21:51.611556+01:00,barcode08,rabv_ea,11923,4646,4767,115,121,RABV_EA
72b0c14b-db4e-4ea3-ab5f-4500f05b3588,927,2023-05-09T06:23:03.611556+01:00,barcode08,?,11923,0,0,369,391,?
1bdbc945-fb98-4206-9e8f-3b8bb03281ee,461,2023-05-09T06:21:52.611556+01:00,barcode08,rabv_ea,11923,613,1018,365,387,RABV_EA
7043afaf-1466-4247-8c95-750d70cd409a,547,2023-05-09T06:22:49.611556+01:00,barcode08,rabv_ea,11923,10164,10576,357,379,RABV_EA
a0bf735b-c0b1-4734-9512-1e712b3b1ea4,566,2023-05-09T06:23:02.611556+01:00,barcode08,?,11923,0,0,269,289,?
8ef89ce0-6c93-49ce-a78b-a2eaa4308700,498,2023-05-09T06:21:49.611556+01:00,barcode08,rabv_ea,11923,319,710,351,371,RABV_EA
c6de8a7c-2509-44d8-afaa-a802e65ac464,542,2023-05-09T06:21:51.611556+01:00,barcode08,rabv_ea,11923,10164,10571,370,393,RABV_EA
5eb9cda6-b24e-47c7-bb0f-875e717a1421,614,2023-05-09T06:22:38.611556+01:00,barcode08,rabv_ea,11923,6424,6835,368,386,RABV_EA
e9ff4fb7-6ea2-47fd-bb66-b995a49ea2a7,534,2023-05-09T06:22:41.611556+01:00,barcode08,rabv_ea,11923,11096,11494,362,388,RABV_EA
517b8cb5-6078-4d9d-9f75-ee013e4f06c5,862,2023-05-09T06:21:50.611556+01:00,barcode08,?,11923,0,0,380,405,?
c21e0d22-ba72-4fc2-b08c-12e297f14c0b,571,2023-05-09T06:21:48.611556+01:00,barcode08,rabv_ea,11923,10164,10576,377,409,RABV_EA
863636fa-fd02-4578-a47f-a6d42d34e1cc,466,2023-05-09T06:22:38.611556+01:00,barcode08,rabv_ea,11923,3383,3774,357,375,RABV_EA
b3ae5d65-f7c6-4f21-85ec-2de3e0478ade,903,2023-05-09T06:22:43.611556+01:00,barcode08,?,11923,0,0,341,360,?
3ee8c327-94e1-4266-9212-d4b462d41010,522,2023-05-09T06:21:57.611556+01:00,barcode08,rabv_ea,11923,10170,10576,350,380,RABV_EA
c45b0088-9a46-4103-a208-ef8d70648560,272,2023-05-09T06:22:55.611556+01:00,barcode08,*,0,0,0,0,0,*
8495fb53-7222-48af-a31a-435124e64fc6,471,2023-05-09T06:22:56.611556+01:00,barcode08,rabv_ea,11923,9853,10246,366,381,RABV_EA
907f164a-415e-4fcc-a6bb-12d0894601ad,271,2023-05-09T06:22:57.611556+01:00,barcode08,rabv_ea,11923,515,708,180,190,RABV_EA
19d1966a-87ef-4131-91f2-cc7b2ba1e717,452,2023-05-09T06:21:59.611556+01:00,barcode08,rabv_ea,11923,11111,11486,338,359,RABV_EA
f8e8d5b7-9457-477b-a618-43987a236f8e,824,2023-05-09T06:22:42.611556+01:00,barcode08,?,11923,0,0,332,358,?
60f888c9-7f5e-49c8-a27c-753d3ff58eb6,1743,2023-05-09T06:23:12.611556+01:00,barcode08,rabv_ea,11923,10164,10578,390,399,RABV_EA
ad665478-00cc-4649-9387-e3dc3012a353,874,2023-05-09T06:23:00.611556+01:00,barcode08,?,11923,0,0,380,395,?
d8419705-abbb-4008-9894-e4b337537e5c,554,2023-05-09T06:21:59.611556+01:00,barcode08,rabv_ea,11923,11392,11781,347,370,RABV_EA
6f23db8d-ffca-4c92-ad33-2cf96633d505,448,2023-05-09T06:23:01.611556+01:00,barcode08,rabv_ea,11923,11120,11480,323,346,RABV_EA
3b0ed7eb-3c01-4e41-978f-e87eefa0e694,877,2023-05-09T06:22:36.611556+01:00,barcode08,?,11923,0,0,364,377,?
b81d1290-2f47-4e42-8412-951a80edab78,671,2023-05-09T06:21:57.611556+01:00,barcode08,rabv_ea,11923,3392,3783,342,375,RABV_EA
9298f153-787b-4743-946d-146eeba8e670,1260,2023-05-09T06:21:57.611556+01:00,barcode08,?,11923,0,0,367,385,?
3bf839b0-4ad6-41e1-a846-386d8255ffe9,531,2023-05-09T06:22:59.611556+01:00,barcode08,rabv_ea,11923,10164,10576,373,401,RABV_EA
c1cab1f1-8fba-49cd-bc4f-9c3aecf99c72,455,2023-05-09T06:23:00.611556+01:00,barcode08,rabv_ea,11923,11114,11493,347,369,RABV_EA
442c18b3-d5fe-4bb0-89f2-871f4f438736,526,2023-05-09T06:22:54.611556+01:00,barcode08,rabv_ea,11923,10188,10576,334,369,RABV_EA
8009c2d9-5e90-4210-891b-ec882f75880b,425,2023-05-09T06:22:55.611556+01:00,barcode08,*,0,0,0,0,0,*
97fca000-a754-40c4-8889-5c5d8d4dbf9f,460,2023-05-09T06:22:08.611556+01:00,barcode08,rabv_ea,11923,10164,10561,357,382,RABV_EA
dd7ff48e-5403-4bb5-9236-4e1310cadc83,374,2023-05-09T06:21:58.611556+01:00,barcode08,rabv_ea,11923,5004,5283,257,276,RABV_EA
df469821-7e30-4303-8ea6-fc3717407f87,337,2023-05-09T06:23:16.611556+01:00,barcode08,rabv_ea,11923,319,508,181,184,RABV_EA
624d7f2e-6b2a-47d8-a069-3e59fbfd3391,553,2023-05-09T06:22:49.611556+01:00,barcode08,rabv_ea,11923,10187,10576,356,381,RABV_EA
9bb6f311-d52f-4179-ab93-d3cb98688c99,1309,2023-05-09T06:22:56.611556+01:00,barcode08,?,11923,0,0,389,400,?
f645d6c3-d6ea-4635-8d17-f1ba65344789,545,2023-05-09T06:23:03.611556+01:00,barcode08,rabv_ea,11923,10172,10576,349,386,RABV_EA
9918be4d-69a9-4fc2-9594-2252fa10ad1a,475,2023-05-09T06:22:49.611556+01:00,barcode08,rabv_ea,11923,10164,10564,369,390,RABV_EA
066c5892-55ca-4c43-aa1b-06a55767e99c,390,2023-05-09T06:21:55.611556+01:00,barcode08,rabv_ea,11923,1864,2190,296,316,RABV_EA
b85968c4-60ca-4a11-9d1b-a9157d00fe69,234,2023-05-09T06:23:14.611556+01:00,barcode08,*,0,0,0,0,0,*
a7de1b43-cef6-4e65-b550-400ebb6ff2e2,528,2023-05-09T06:22:09.611556+01:00,barcode08,rabv_ea,11923,11392,11796,367,394,RABV_EA
453e1d15-b31e-46a2-92ab-b8eb23910418,451,2023-05-09T06:22:49.611556+01:00,barcode08,rabv_ea,11923,11406,11796,344,373,RABV_EA
541df428-1d17-4e29-bb90-743f038d4d55,467,2023-05-09T06:22:59.611556+01:00,barcode08,rabv_ea,11923,9851,10239,368,385,RABV_EA
4d047b28-9501-4cd5-a894-610db8b7ea43,461,2023-05-09T06:23:02.611556+01:00,barcode08,rabv_ea,11923,6437,6831,377,385,RABV_EA
5cacadde-f0b8-434b-b15f-7be07d06ea2c,833,2023-05-09T06:23:13.611556+01:00,barcode08,?,11923,0,0,350,370,?
bc8e1c3a-9831-4c12-aa09-1ecb9b450dcb,1286,2023-05-09T06:23:12.611556+01:00,barcode08,?,11923,0,0,373,387,?
d5918b47-1fe2-4802-9b2b-a88ab156f54b,526,2023-05-09T06:23:09.611556+01:00,barcode08,rabv_ea,11923,10165,10570,363,401,RABV_EA
2a65a652-a0ab-47f9-a287-d53f1817f008,509,2023-05-09T06:23:09.611556+01:00,barcode08,rabv_ea,11923,10164,10562,352,381,RABV_EA
a0211f89-64ea-4db9-af3f-cce50b86de07,883,2023-05-09T06:22:12.611556+01:00,barcode08,?,11923,0,0,391,401,?
95ae93cf-3b0a-4579-9191-9986b2f1d9ca,930,2023-05-09T06:23:09.611556+01:00,barcode08,?,11923,0,0,365,387,?
6e52e9bc-2d3b-4351-953e-7bc97a568101,267,2023-05-09T06:22:48.611556+01:00,barcode08,rabv_ea,11923,3062,3245,167,178,RABV_EA
e00550d9-4acd-4b87-9dcc-9f984242bd81,410,2023-05-09T06:23:07.611556+01:00,barcode08,rabv_ea,11923,9003,9325,301,316,RABV_EA
d6365ae3-0582-4ebb-a5be-9adb4ffe93b3,1465,2023-05-09T06:22:07.611556+01:00,barcode08,?,11923,0,0,353,379,?
1dcd6007-2591-4f24-a9a4-e741814198a5,758,2023-05-09T06:23:33.611556+01:00,barcode08,?,11923,0,0,366,400,?
99a0233d-0078-46a5-a438-e6b1ca27edf7,518,2023-05-09T06:23:09.611556+01:00,barcode08,rabv_ea,11923,1866,2263,353,373,RABV_EA
48ca2b4d-1d66-4026-963a-ddb63667a0be,458,2023-05-09T06:23:32.611556+01:00,barcode08,rabv_ea,11923,3064,3456,354,374,RABV_EA
d5e15742-90c3-4342-a58b-3f311d812fc4,446,2023-05-09T06:23:09.611556+01:00,barcode08,rabv_ea,11923,951,1325,340,360,RABV_EA
b0ba7326-3483-4593-bf5d-73a22237ff38,220,2023-05-09T06:23:05.611556+01:00,barcode08,rabv_ea,11923,11105,11241,120,130,RABV_EA
a6dcc026-cf82-4b82-a32d-badb04f22a10,868,2023-05-09T06:23:11.611556+01:00,barcode08,?,11923,0,0,380,398,?
aa5348dc-4f26-4b68-bf57-c2090273fae2,1086,2023-05-09T06:23:07.611556+01:00,barcode08,?,11923,0,0,349,371,?
1b18afe6-b944-497c-a450-b5573cb3a188,540,2023-05-09T06:23:03.611556+01:00,barcode08,rabv_ea,11923,10164,10576,365,396,RABV_EA
686fde1c-5f88-4313-a6d1-be8e56757c8b,920,2023-05-09T06:23:10.611556+01:00,barcode08,?,11923,0,0,354,377,?
d08bf060-8f13-4ebb-8a65-989b9c69f1e0,678,2023-05-09T06:23:12.611556+01:00,barcode08,rabv_ea,11923,8928,9325,356,376,RABV_EA
5da29604-a74e-4446-a219-91a9aa995e25,1336,2023-05-09T06:23:12.611556+01:00,barcode08,?,11923,0,0,387,398,?
4717a199-5631-4278-8d47-c3439d04edc9,482,2023-05-09T06:23:08.611556+01:00,barcode08,rabv_ea,11923,3062,3456,365,381,RABV_EA
38ad46c8-3fdf-4407-8044-b3cdc8ed88d1,535,2023-05-09T06:23:07.611556+01:00,barcode08,rabv_ea,11923,58,460,369,398,RABV_EA
48cd4aeb-b27d-4782-88eb-ccbfe89a074e,343,2023-05-09T06:23:10.611556+01:00,barcode08,*,0,0,0,0,0,*
06419c34-e0c5-4170-91ab-83bd34c6ce6a,217,2023-05-09T06:23:23.611556+01:00,barcode08,rabv_ea,11923,9792,9940,144,148,RABV_EA
ebd5802f-1231-4a39-84c1-89c6ca954d38,983,2023-05-09T06:22:13.611556+01:00,barcode08,?,11923,0,0,388,397,?
f7d1ba10-fc05-409b-8305-2b3a29c5777c,525,2023-05-09T06:22:11.611556+01:00,barcode08,rabv_ea,11923,9851,10263,393,404,RABV_EA
c5247260-c33e-42b4-b3e5-12d06898b9c4,522,2023-05-09T06:22:23.611556+01:00,barcode08,rabv_ea,11923,3383,3791,353,379,RABV_EA
c101b326-1f5f-426a-bc8b-89e7d4ced02e,954,2023-05-09T06:23:21.611556+01:00,barcode08,?,11923,0,0,395,404,?
50dff147-d516-4943-8387-3bddfd03305e,121,2023-05-09T06:23:22.611556+01:00,barcode08,*,0,0,0,0,0,*
376992ca-ecf8-4bf8-8608-cfae7b0557a2,521,2023-05-09T06:23:23.611556+01:00,barcode08,rabv_ea,11923,1864,2262,364,379,RABV_EA
a6559b10-7b87-4211-a7bf-377b7d938390,439,2023-05-09T06:23:22.611556+01:00,barcode08,rabv_ea,11923,3062,3427,341,357,RABV_EA
472bb8f5-12bb-42cf-8b12-6f017d662955,484,2023-05-09T06:23:21.611556+01:00,barcode08,rabv_ea,11923,10166,10571,364,396,RABV_EA
c1ddfb7c-ed27-43c8-9b24-abed38634f5f,445,2023-05-09T06:23:23.611556+01:00,barcode08,rabv_ea,11923,5196,5592,345,372,RABV_EA
ad4104b7-486f-4921-aceb-197b0f111383,530,2023-05-09T06:23:21.611556+01:00,barcode08,rabv_ea,11923,8927,9325,374,384,RABV_EA
b4b5af11-5670-4ecd-b825-bf0c8f05c8af,452,2023-05-09T06:22:21.611556+01:00,barcode08,rabv_ea,11923,1864,2247,355,370,RABV_EA
97d12a16-dea7-4eae-89e7-0d1b0697f606,469,2023-05-09T06:23:18.611556+01:00,barcode08,rabv_ea,11923,4649,5036,339,373,RABV_EA
37a93355-e3b9-40d2-8e2e-316d4c4b842b,539,2023-05-09T06:23:09.611556+01:00,barcode08,rabv_ea,11923,56,438,352,372,RABV_EA
dc462300-0e83-4b7d-bbb0-1a94e16be3ac,1722,2023-05-09T06:23:02.611556+01:00,barcode08,?,11923,0,0,367,385,?
2bd04247-121e-4d16-b1da-bdaa7007b09a,685,2023-05-09T06:23:07.611556+01:00,barcode08,?,11923,0,0,317,344,?
b620d05e-3acf-476a-a04d-22e3393c22b3,919,2023-05-09T06:22:20.611556+01:00,barcode08,?,11923,0,0,344,371,?
958c45d3-7ece-4523-b60f-6736f741d21e,421,2023-05-09T06:22:14.611556+01:00,barcode08,rabv_ea,11923,6492,6800,282,298,RABV_EA
62ceb72a-16d6-40bb-96c9-99d788a14f41,712,2023-05-09T06:23:43.611556+01:00,barcode08,?,11923,0,0,368,382,?
3008256c-c74e-4cc6-a273-3ea157d89346,454,2023-05-09T06:22:20.611556+01:00,barcode08,rabv_ea,11923,11406,11796,360,375,RABV_EA
10bc9316-b212-4f4a-be95-48b594ebda38,460,2023-05-09T06:22:11.611556+01:00,barcode08,rabv_ea,11923,9851,10246,375,387,RABV_EA
36ac32b0-dd09-4b00-823d-4a5d83f10783,469,2023-05-09T06:23:18.611556+01:00,barcode08,rabv_ea,11923,607,925,253,267,RABV_EA
9d0c5a63-b331-463c-82c0-a15c07cfb842,931,2023-05-09T06:22:01.611556+01:00,barcode08,?,11923,0,0,362,388,?
d27792f4-8e34-44d8-8486-ca1e19e5adf1,527,2023-05-09T06:22:02.611556+01:00,barcode08,rabv_ea,11923,10164,10576,374,397,RABV_EA
e2d2f2d1-a6dc-4d86-9580-af1946258e3f,515,2023-05-09T06:22:28.611556+01:00,barcode08,rabv_ea,11923,9857,10263,365,390,RABV_EA
a0d44ca8-3504-469b-a297-9a1fe49055cd,513,2023-05-09T06:22:23.611556+01:00,barcode08,rabv_ea,11923,8927,9325,368,386,RABV_EA
648b2ed3-1fd6-4680-ac26-dcd316d8dd78,509,2023-05-09T06:22:16.611556+01:00,barcode08,rabv_ea,11923,10165,10573,338,378,RABV_EA
4c4d8df7-c546-4483-81c6-7f2f88e30741,503,2023-05-09T06:23:53.611556+01:00,barcode08,rabv_ea,11923,10164,10559,363,389,RABV_EA
79c54ad5-8511-4267-8a4f-460b7269b22f,464,2023-05-09T06:22:16.611556+01:00,barcode08,rabv_ea,11923,3068,3460,355,378,RABV_EA
82bbcd01-34ac-43bc-96d0-b273937eb9a0,557,2023-05-09T06:23:28.611556+01:00,barcode08,rabv_ea,11923,10164,10576,373,397,RABV_EA
2aaab170-ae9a-42bb-b271-209c58006a95,646,2023-05-09T06:23:55.611556+01:00,barcode08,?,11923,0,0,356,380,?
f8a260cb-21b1-4d85-8d7a-f3e75ea2ef35,525,2023-05-09T06:23:18.611556+01:00,barcode08,rabv_ea,11923,6424,6834,370,393,RABV_EA
4189e197-7dc8-4182-baf8-4622c5ff8463,1723,2023-05-09T06:23:27.611556+01:00,barcode08,?,11923,0,0,362,385,?
3c4fc6b5-abae-4eb1-970c-b92db900d02b,289,2023-05-09T06:23:56.611556+01:00,barcode08,rabv_ea,11923,3067,3219,144,149,RABV_EA
5a1148cb-14a3-433d-8429-68245fb58955,1127,2023-05-09T06:23:31.611556+01:00,barcode08,rabv_ea,11923,11096,11494,359,380,RABV_EA
06e1d4b4-58b7-4eae-b56b-876054e45722,451,2023-05-09T06:22:22.611556+01:00,barcode08,rabv_ea,11923,5846,6220,317,345,RABV_EA
3cd21a30-60e0-44dc-bc46-872a88fbcd81,533,2023-05-09T06:23:24.611556+01:00,barcode08,rabv_ea,11923,317,701,360,378,RABV_EA
387d9945-6db1-4da1-8c4f-7364306c1aaf,456,2023-05-09T06:23:53.611556+01:00,barcode08,rabv_ea,11923,8941,9325,360,377,RABV_EA
a81baf18-2934-41d6-a999-2cc5c7a8113c,435,2023-05-09T06:23:34.611556+01:00,barcode08,rabv_ea,11923,11111,11485,317,347,RABV_EA
0347ade6-6fd9-472d-b24a-f6f3649d4f86,1096,2023-05-09T06:23:44.611556+01:00,barcode08,?,11923,0,0,360,383,?
d3e64222-5708-477e-a558-7ed683df765d,446,2023-05-09T06:22:16.611556+01:00,barcode08,rabv_ea,11923,1873,2249,331,353,RABV_EA
d012113c-acf6-4036-8169-fa057b860f61,1276,2023-05-09T06:23:41.611556+01:00,barcode08,?,11923,0,0,353,373,?
ed6684b3-2583-4efe-8a6b-8507c6cd71a3,510,2023-05-09T06:22:21.611556+01:00,barcode08,rabv_ea,11923,1864,2262,356,376,RABV_EA
cee937eb-15d6-4e0d-9d19-7b910c7f41df,476,2023-05-09T06:23:43.611556+01:00,barcode08,rabv_ea,11923,9864,10263,363,388,RABV_EA
5c3703ea-871f-458c-821b-9db518a5f19a,889,2023-05-09T06:23:32.611556+01:00,barcode08,?,11923,0,0,366,385,?
a0398018-8fc0-437d-a534-1a1d7ad4157a,214,2023-05-09T06:23:18.611556+01:00,barcode08,*,0,0,0,0,0,*
76c0f374-4fc9-409a-9a06-78de10d21c2f,1325,2023-05-09T06:23:28.611556+01:00,barcode08,?,11923,0,0,377,391,?
0e5484bc-63e7-4133-8421-d6b00544d808,535,2023-05-09T06:23:48.611556+01:00,barcode08,rabv_ea,11923,4626,5051,383,411,RABV_EA
a652be7b-c430-4461-84b5-54196c929772,203,2023-05-09T06:23:50.611556+01:00,barcode08,rabv_ea,11923,5203,5316,106,111,RABV_EA
9754df13-bf29-48b5-b45c-a883efbb2aaa,449,2023-05-09T06:23:51.611556+01:00,barcode08,rabv_ea,11923,316,686,342,361,RABV_EA
89d20e34-c19f-4426-bb21-60ccb17e45ed,852,2023-05-09T06:23:50.611556+01:00,barcode08,?,11923,0,0,361,376,?
b3089d07-761a-4f57-9612-2387aee03f3a,907,2023-05-09T06:23:53.611556+01:00,barcode08,?,11923,0,0,359,385,?
fa3254c1-ce6e-44ba-ba3f-69f325587b30,1694,2023-05-09T06:22:21.611556+01:00,barcode08,?,11923,0,0,385,397,?
9ce7eb9c-c7ad-4ed7-9cd2-891ba84e69a7,527,2023-05-09T06:22:25.611556+01:00,barcode08,rabv_ea,11923,10164,10585,386,407,RABV_EA
a88f9b5d-9cdd-4ce6-b74e-fa3ca1694e94,450,2023-05-09T06:23:49.611556+01:00,barcode08,rabv_ea,11923,320,695,353,366,RABV_EA
a4da722f-7c73-477c-bf03-7f7e96eae15b,850,2023-05-09T06:23:47.611556+01:00,barcode08,?,11923,0,0,370,382,?
d6330638-595a-4b27-bca4-8814dda46203,345,2023-05-09T06:23:29.611556+01:00,barcode08,rabv_ea,11923,11521,11794,243,265,RABV_EA
ab1143ba-adc7-4ba0-bc18-fa5970cf3bb4,521,2023-05-09T06:23:57.611556+01:00,barcode08,rabv_ea,11923,3383,3788,370,388,RABV_EA
227b4525-23d4-4813-b036-366fd7a0c0be,547,2023-05-09T06:23:58.611556+01:00,barcode08,rabv_ea,11923,6424,6828,381,397,RABV_EA
b561a7e1-3a47-4c32-9414-6f57b339432a,441,2023-05-09T06:23:55.611556+01:00,barcode08,rabv_ea,11923,319,691,336,358,RABV_EA
acb61703-159a-4b4b-bbbc-c2a8f8ff507b,839,2023-05-09T06:23:27.611556+01:00,barcode08,?,11923,0,0,353,372,?
72dd4239-6a0f-4381-a3a0-dcec3c6bc69f,540,2023-05-09T06:23:56.611556+01:00,barcode08,rabv_ea,11923,8927,9325,359,380,RABV_EA
c64e7794-446a-4089-8f24-d3f13893ac0d,442,2023-05-09T06:23:54.611556+01:00,barcode08,rabv_ea,11923,319,698,348,365,RABV_EA
b45cf214-2033-49d0-9651-ea796b2906cd,950,2023-05-09T06:23:28.611556+01:00,barcode08,?,11923,0,0,372,394,?
d86f056e-14dc-4236-8207-7fe32549fc99,533,2023-05-09T06:22:24.611556+01:00,barcode08,rabv_ea,11923,10176,10570,348,377,RABV_EA
30ec776f-a9ab-422b-a73f-ad76b34df156,884,2023-05-09T06:23:25.611556+01:00,barcode08,?,11923,0,0,382,408,?
3e2d8d3d-7141-4c47-8bb2-84f4d07781ed,929,2023-05-09T06:23:52.611556+01:00,barcode08,?,11923,0,0,316,333,?
02deaf97-b2d9-4aad-a9df-f1b581d0993f,824,2023-05-09T06:23:49.611556+01:00,barcode08,?,11923,0,0,335,360,?
53418f4d-4aec-4a2b-9d1f-2705004531d1,414,2023-05-09T06:24:00.611556+01:00,barcode08,rabv_ea,11923,1864,2197,312,324,RABV_EA
64fb5e9c-da34-4a0b-968b-79d31409a3cf,458,2023-05-09T06:23:57.611556+01:00,barcode08,rabv_ea,11923,5212,5608,372,384,RABV_EA
ec3bb833-5598-4d9e-9bea-3197571f5b90,1112,2023-05-09T06:24:03.611556+01:00,barcode08,?,11923,0,0,376,397,?
28c4dc23-43cd-4c50-b6ef-2163cfca6cd3,453,2023-05-09T06:24:01.611556+01:00,barcode08,rabv_ea,11923,9550,9913,319,347,RABV_EA
8a033d34-7759-43a7-85e5-823ba858ecd5,996,2023-05-09T06:23:34.611556+01:00,barcode08,?,11923,0,0,364,384,?
b1f94ee9-e6b6-4dc1-9a5a-ecbfb4451c18,453,2023-05-09T06:24:02.611556+01:00,barcode08,rabv_ea,11923,11112,11494,339,366,RABV_EA
c7a543dd-fc41-4185-b48a-d5de098e2700,474,2023-05-09T06:23:59.611556+01:00,barcode08,rabv_ea,11923,9870,10263,366,387,RABV_EA
954ff5bc-13f0-4627-81cf-75b517171a3b,471,2023-05-09T06:22:31.611556+01:00,barcode08,rabv_ea,11923,10176,10576,362,386,RABV_EA
22660344-6b24-45c3-a28a-2fdb0eb28626,910,2023-05-09T06:23:58.611556+01:00,barcode08,?,11923,0,0,381,396,?
0197e0f8-3b34-494f-b7eb-8cfb74b82ef8,521,2023-05-09T06:23:56.611556+01:00,barcode08,rabv_ea,11923,10193,10573,346,370,RABV_EA
729a2310-af22-4fac-84ad-ba8e4ce6b8c7,1265,2023-05-09T06:24:00.611556+01:00,barcode08,?,11923,0,0,350,372,?
2049ce26-81ed-46ea-956a-057bcb00419c,468,2023-05-09T06:23:35.611556+01:00,barcode08,rabv_ea,11923,5197,5595,376,390,RABV_EA
f47478ea-b45c-482f-9a76-7fa283ae31f6,2042,2023-05-09T06:22:44.611556+01:00,barcode08,?,11923,0,0,360,383,?
50b1d250-fe80-457f-bd97-b791dc49c6bc,938,2023-05-09T06:23:28.611556+01:00,barcode08,?,11923,0,0,375,403,?
303d9db8-571d-4d3b-a9e6-efabab1560b1,529,2023-05-09T06:24:07.611556+01:00,barcode08,rabv_ea,11923,10164,10576,351,381,RABV_EA
723c19dd-8235-45f1-8739-2b13d7c109bc,939,2023-05-09T06:22:24.611556+01:00,barcode08,?,11923,0,0,380,403,?
2974c3a3-c59a-4c37-b185-78b4944b1421,516,2023-05-09T06:23:29.611556+01:00,barcode08,rabv_ea,11923,1864,2259,361,376,RABV_EA
b601da2d-18ec-4e3a-bc66-b478c0502e85,526,2023-05-09T06:24:02.611556+01:00,barcode08,rabv_ea,11923,9855,10263,391,400,RABV_EA
8ff3a97d-4253-4533-a66f-7a29f5b93b32,540,2023-05-09T06:23:48.611556+01:00,barcode08,rabv_ea,11923,10170,10571,364,390,RABV_EA
16b61483-f6cb-485c-847f-ecb9a426e935,814,2023-05-09T06:24:14.611556+01:00,barcode08,?,11923,0,0,368,386,?
61bf6003-2ed4-41b2-89cd-d331783607fc,1194,2023-05-09T06:24:10.611556+01:00,barcode08,?,11923,0,0,362,373,?
c758fe20-216d-4795-bb55-c896752db347,514,2023-05-09T06:22:51.611556+01:00,barcode08,rabv_ea,11923,324,709,337,364,RABV_EA
01cbbce3-0d24-4add-833b-e52e7d8bbd8a,692,2023-05-09T06:24:18.611556+01:00,barcode08,?,11923,0,0,358,382,?
236faf3e-9b6f-4eba-a132-aaa4cf5085c6,524,2023-05-09T06:24:22.611556+01:00,barcode08,rabv_ea,11923,3062,3471,374,392,RABV_EA
465d5ef9-662b-4b43-aaa5-a269e90b78f8,2113,2023-05-09T06:23:36.611556+01:00,barcode08,?,11923,0,0,382,397,?
4d44dc13-d8c9-4031-b72a-eed195976e3d,460,2023-05-09T06:24:15.611556+01:00,barcode08,rabv_ea,11923,955,1324,333,358,RABV_EA
b2576010-abd2-47f3-b982-684109dc8257,502,2023-05-09T06:23:44.611556+01:00,barcode08,rabv_ea,11923,9853,10261,381,393,RABV_EA
42f25840-2119-4c77-89c9-9749d3ed8f14,881,2023-05-09T06:24:20.611556+01:00,barcode08,?,11923,0,0,354,370,?
56d4f9e8-f74c-4e12-927f-602577178e44,447,2023-05-09T06:22:53.611556+01:00,barcode08,rabv_ea,11923,11112,11494,349,369,RABV_EA
55e2d6cf-4d3f-400d-bde6-26d4a3da4ff1,529,2023-05-09T06:22:48.611556+01:00,barcode08,rabv_ea,11923,10164,10576,374,399,RABV_EA
dd258e31-45bc-4fc2-ac71-810519809adf,232,2023-05-09T06:24:11.611556+01:00,barcode08,*,0,0,0,0,0,*
4a4bb06a-f00e-4fed-8691-0279e2ca3199,544,2023-05-09T06:24:11.611556+01:00,barcode08,rabv_ea,11923,10170,10572,376,397,RABV_EA
9870ab78-0456-4b86-8851-6be0d1cb869b,532,2023-05-09T06:24:19.611556+01:00,barcode08,rabv_ea,11923,10164,10573,382,404,RABV_EA
24a3e1b7-67b0-40c6-b62a-10cfe45e1334,469,2023-05-09T06:23:07.611556+01:00,barcode08,rabv_ea,11923,2733,3129,377,391,RABV_EA
fe41b137-9faa-4cc4-838f-cd0c9f641852,1293,2023-05-09T06:22:46.611556+01:00,barcode08,?,11923,0,0,379,400,?
cd09b88c-1011-49f0-ae73-ad8029b2c051,463,2023-05-09T06:24:19.611556+01:00,barcode08,rabv_ea,11923,10170,10562,350,378,RABV_EA
57537581-74f9-487c-b280-ce1861ddc4ef,922,2023-05-09T06:22:47.611556+01:00,barcode08,?,11923,0,0,373,400,?
d20060ff-297b-4086-a783-1d47f6535cca,845,2023-05-09T06:24:09.611556+01:00,barcode08,?,11923,0,0,375,398,?
8b94a99c-f158-4fe1-9e4e-0f0a371f711c,908,2023-05-09T06:24:15.611556+01:00,barcode08,rabv_ea,11923,2749,3751,701,740,RABV_EA
cf9ae3ba-1cd8-424b-ae88-a119d17ce2d7,1274,2023-05-09T06:23:43.611556+01:00,barcode08,?,11923,0,0,373,388,?
9de69cb7-e9aa-4dea-af30-2f73efadb35d,936,2023-05-09T06:22:57.611556+01:00,barcode08,?,11923,0,0,369,390,?
4936b20e-7232-40d8-a176-8f7d5fede79d,890,2023-05-09T06:24:10.611556+01:00,barcode08,?,11923,0,0,358,396,?
1d7f0c7d-f140-4b83-89ed-e7e05834ce3b,925,2023-05-09T06:23:38.611556+01:00,barcode08,?,11923,0,0,373,387,?
d8c421b4-3d3b-462e-a884-28b21337c5b6,541,2023-05-09T06:24:23.611556+01:00,barcode08,rabv_ea,11923,10164,10574,368,394,RABV_EA
48b25e9a-b2d2-4ace-81da-e3be943eb484,525,2023-05-09T06:23:46.611556+01:00,barcode08,rabv_ea,11923,1864,2261,358,381,RABV_EA
eb6b1829-f997-483e-b620-7f079d1fe6d7,458,2023-05-09T06:23:45.611556+01:00,barcode08,rabv_ea,11923,11406,11795,344,369,RABV_EA
41f3ca42-aefd-424f-929b-1e686723a3b4,475,2023-05-09T06:23:43.611556+01:00,barcode08,rabv_ea,11923,2738,3129,368,385,RABV_EA
f51c082d-4829-4bea-b5f0-b3942f596b4c,439,2023-05-09T06:24:12.611556+01:00,barcode08,rabv_ea,11923,1873,2249,327,351,RABV_EA
592252c8-da13-433e-a139-6e3f000446c2,526,2023-05-09T06:24:10.611556+01:00,barcode08,rabv_ea,11923,10165,10576,361,385,RABV_EA
04c7c829-a53a-4f89-a5b3-9ecc2ad98b82,463,2023-05-09T06:24:19.611556+01:00,barcode08,rabv_ea,11923,3383,3775,337,364,RABV_EA
329b8948-9535-4c60-8d49-2f67e74f5d1d,546,2023-05-09T06:24:26.611556+01:00,barcode08,rabv_ea,11923,10164,10576,375,398,RABV_EA
a0647bc6-97f3-4580-aa79-84ab555c76e2,957,2023-05-09T06:24:21.611556+01:00,barcode08,?,11923,0,0,361,381,?
2370babc-038a-4ceb-9ab9-e8198e2e94ca,446,2023-05-09T06:23:43.611556+01:00,barcode08,rabv_ea,11923,11113,11494,343,364,RABV_EA
97b758d7-f28b-4055-afdb-ce6a3baae230,875,2023-05-09T06:23:11.611556+01:00,barcode08,?,11923,0,0,373,385,?
b092bc32-b4bf-4ff1-b9f0-77ea813c1018,451,2023-05-09T06:23:42.611556+01:00,barcode08,rabv_ea,11923,319,655,319,333,RABV_EA
91e5a4c5-f141-475b-90f7-fa4638f53c0e,442,2023-05-09T06:24:24.611556+01:00,barcode08,rabv_ea,11923,944,1324,338,358,RABV_EA
6d38c8e9-0fea-4ff7-8f36-e932aaee5898,531,2023-05-09T06:23:41.611556+01:00,barcode08,rabv_ea,11923,10164,10576,364,393,RABV_EA
3ad98a3a-e032-4964-a01e-b9200123d103,483,2023-05-09T06:23:15.611556+01:00,barcode08,rabv_ea,11923,3405,3791,341,372,RABV_EA
626c9818-e9f0-491c-8587-311096243fe0,610,2023-05-09T06:23:14.611556+01:00,barcode08,rabv_ea,11923,319,709,352,375,RABV_EA
604060b3-2669-4907-8ce8-0d19b96e72d8,593,2023-05-09T06:23:15.611556+01:00,barcode08,?,11923,0,0,379,387,?
36f2de8a-653a-4ef9-85cc-820a9b37ce23,206,2023-05-09T06:23:14.611556+01:00,barcode08,*,0,0,0,0,0,*
7f13bfde-329a-4bc6-8c20-bb97a9537c75,481,2023-05-09T06:23:42.611556+01:00,barcode08,rabv_ea,11923,9856,10244,350,380,RABV_EA
edc689e5-16f4-484a-864f-add178e90459,526,2023-05-09T06:23:08.611556+01:00,barcode08,rabv_ea,11923,9854,10263,371,393,RABV_EA
dbfeac99-e3aa-4ccd-99c9-b3fe24c0420c,1301,2023-05-09T06:22:55.611556+01:00,barcode08,?,11923,0,0,390,411,?
7118bc9e-5c8b-4ddd-ae02-b02214697511,415,2023-05-09T06:22:55.611556+01:00,barcode08,rabv_ea,11923,10164,10503,313,333,RABV_EA
30c60671-4df4-49a9-8428-89e56bf79d9c,521,2023-05-09T06:24:27.611556+01:00,barcode08,rabv_ea,11923,10164,10576,361,393,RABV_EA
46d0ddb6-2fb2-4844-a6ee-8560fd24eaf9,312,2023-05-09T06:22:59.611556+01:00,barcode08,rabv_ea,11923,11272,11486,193,204,RABV_EA
899009e7-c046-4ef7-bb07-e796935be132,507,2023-05-09T06:24:30.611556+01:00,barcode08,rabv_ea,11923,1864,2264,355,380,RABV_EA
9a718416-6b14-4ff6-805d-4436c32a29af,537,2023-05-09T06:24:42.611556+01:00,barcode08,rabv_ea,11923,2733,3150,401,410,RABV_EA
101be94a-b323-4911-97c4-049c1d8e2aec,666,2023-05-09T06:22:55.611556+01:00,barcode08,rabv_ea,11923,4632,5035,358,393,RABV_EA
df81e06f-9257-4d9f-8ff6-1a8a73328ef6,843,2023-05-09T06:24:03.611556+01:00,barcode08,?,11923,0,0,374,393,?
bb272b73-c3c6-4615-b426-22bd97d21019,479,2023-05-09T06:24:42.611556+01:00,barcode08,rabv_ea,11923,10164,10576,368,400,RABV_EA
ca784977-3146-494f-bf00-2408720955ef,506,2023-05-09T06:24:28.611556+01:00,barcode08,rabv_ea,11923,1864,2264,359,383,RABV_EA
3382c798-003b-4c04-87a3-c0f7c3cf7278,530,2023-05-09T06:22:55.611556+01:00,barcode08,rabv_ea,11923,10164,10576,370,396,RABV_EA
622172b8-6221-4c9c-bc73-005a2c0c5333,1293,2023-05-09T06:24:33.611556+01:00,barcode08,?,11923,0,0,385,397,?
41f5461c-5fb3-4eb2-95aa-a6853df8ff42,584,2023-05-09T06:24:14.611556+01:00,barcode08,?,11923,0,0,221,238,?
733b562c-ca2f-4d87-96b4-92329449a9d3,263,2023-05-09T06:24:16.611556+01:00,barcode08,rabv_ea,11923,3062,3252,170,179,RABV_EA
6fd87ee6-fc5f-4dfa-9529-1ba61a7db2e6,887,2023-05-09T06:24:37.611556+01:00,barcode08,?,11923,0,0,349,374,?
3e2ca4eb-7dc8-45e4-9eeb-7a54b9ef97d6,881,2023-05-09T06:24:39.611556+01:00,barcode08,?,11923,0,0,391,397,?
9b4b2937-b1ff-4052-86f4-275d4ed12760,879,2023-05-09T06:24:38.611556+01:00,barcode08,?,11923,0,0,376,391,?
4bdd5ec3-86ef-4eb9-b7ce-a262f3d83f9c,454,2023-05-09T06:22:58.611556+01:00,barcode08,rabv_ea,11923,8942,9324,358,379,RABV_EA
07d34219-7c88-47e7-b649-ce36d9d640f2,525,2023-05-09T06:24:41.611556+01:00,barcode08,rabv_ea,11923,1864,2262,357,378,RABV_EA
94f67cce-2072-43ef-ba90-8f927bafd495,931,2023-05-09T06:24:23.611556+01:00,barcode08,?,11923,0,0,364,390,?
6c7824d2-8b41-4cfe-830f-2137d452b044,290,2023-05-09T06:24:05.611556+01:00,barcode08,rabv_ea,11923,11586,11796,194,205,RABV_EA
5aec206a-37e3-42c8-a3da-7f886cac8ca3,489,2023-05-09T06:24:41.611556+01:00,barcode08,rabv_ea,11923,10164,10562,366,394,RABV_EA
ef134458-6d3e-4187-9d27-af0bb0617508,507,2023-05-09T06:24:37.611556+01:00,barcode08,rabv_ea,11923,10164,10571,360,387,RABV_EA
68076eb3-bffe-4675-8fce-b3e46ddb07bc,480,2023-05-09T06:24:25.611556+01:00,barcode08,rabv_ea,11923,10164,10563,366,394,RABV_EA
d2f11a99-13f6-4cd4-ad32-cc25bf79d801,421,2023-05-09T06:24:07.611556+01:00,barcode08,rabv_ea,11923,63,427,309,339,RABV_EA
8ac1da39-9140-4bb5-b2d3-fa9b55b68369,523,2023-05-09T06:22:58.611556+01:00,barcode08,rabv_ea,11923,6424,6829,373,385,RABV_EA
e815d97d-788b-4f57-ae0b-dd57eb3922d3,432,2023-05-09T06:24:24.611556+01:00,barcode08,rabv_ea,11923,6424,6816,343,355,RABV_EA
16f207e3-a5cf-46c6-8a2e-102decaf2837,463,2023-05-09T06:25:07.611556+01:00,barcode08,rabv_ea,11923,11406,11793,348,373,RABV_EA
dce428a5-c67b-4f13-8ea4-06be67ab8124,914,2023-05-09T06:23:24.611556+01:00,barcode08,rabv_ea,11923,4626,5051,370,396,RABV_EA
f1514f19-a990-46f4-ac98-7dee9c31ff42,1104,2023-05-09T06:23:41.611556+01:00,barcode08,?,11923,0,0,357,384,?
c84fcca4-a8a1-416c-aa80-66127918db35,1327,2023-05-09T06:22:28.611556+01:00,barcode08,?,11923,0,0,722,764,?
466b9c85-d115-4395-bd2e-ff8ccad6cede,515,2023-05-09T06:24:13.611556+01:00,barcode08,rabv_ea,11923,1875,2262,352,372,RABV_EA
8d1a76fa-5857-4dc7-835e-fd243dde56a5,457,2023-05-09T06:24:37.611556+01:00,barcode08,rabv_ea,11923,6424,6819,350,372,RABV_EA
dfdbe60a-8568-4dfc-8719-7210861b88a5,1355,2023-05-09T06:25:00.611556+01:00,barcode08,rabv_ea,11923,9851,10262,391,401,RABV_EA
b435e9b6-66b6-42fc-a381-3a22d6b3c7fc,927,2023-05-09T06:24:12.611556+01:00,barcode08,?,11923,0,0,370,386,?
51af2375-c8c0-4ec2-a7d5-938b69c9380a,937,2023-05-09T06:25:04.611556+01:00,barcode08,?,11923,0,0,383,395,?
c1cccec3-cd01-4cdf-9d4c-efb908876c46,452,2023-05-09T06:24:11.611556+01:00,barcode08,rabv_ea,11923,1864,2241,334,355,RABV_EA
506d6d3c-ad87-411b-8ddd-94b657a957a3,441,2023-05-09T06:22:30.611556+01:00,barcode08,rabv_ea,11923,1864,2239,310,352,RABV_EA
cadc0132-9e4e-492f-8687-e9a60f56a09d,178,2023-05-09T06:24:14.611556+01:00,barcode08,*,0,0,0,0,0,*
73efbc60-aae9-4b26-bfc2-6dc5fc80575c,986,2023-05-09T06:24:37.611556+01:00,barcode08,?,11923,0,0,385,397,?
41965309-c443-4448-b964-f2ddb868d1b6,874,2023-05-09T06:24:37.611556+01:00,barcode08,?,11923,0,0,346,368,?
c13a995e-29bb-44ec-8521-49f7648142a8,936,2023-05-09T06:22:34.611556+01:00,barcode08,?,11923,0,0,376,389,?
53712b44-ec3a-446a-9d3f-547aa91a6e57,528,2023-05-09T06:24:51.611556+01:00,barcode08,rabv_ea,11923,1930,2264,311,324,RABV_EA
8b20f59c-78ac-4a9d-b326-198aa9c2c852,2137,2023-05-09T06:23:12.611556+01:00,barcode08,?,11923,0,0,386,397,?
5e833965-0a58-4887-a8cd-94880b8ca8ae,375,2023-05-09T06:23:19.611556+01:00,barcode08,rabv_ea,11923,5014,5283,246,263,RABV_EA
b62ef1a8-0ee0-4941-9cef-5e77c37a66ee,465,2023-05-09T06:24:50.611556+01:00,barcode08,rabv_ea,11923,5196,5595,371,386,RABV_EA
05207579-dd90-499b-b167-ef7f559e6778,529,2023-05-09T06:25:02.611556+01:00,barcode08,rabv_ea,11923,10164,10576,383,403,RABV_EA
e0c90f75-10f6-4421-a8ad-fba45bc95bf8,1781,2023-05-09T06:24:19.611556+01:00,barcode08,?,11923,0,0,1020,1139,?
5ac17ffe-1677-45ca-8574-ed7fec4a7ec4,529,2023-05-09T06:24:24.611556+01:00,barcode08,rabv_ea,11923,10165,10576,385,405,RABV_EA
622d2ec1-7da4-4498-b44b-b13368abe39d,529,2023-05-09T06:24:25.611556+01:00,barcode08,rabv_ea,11923,10164,10576,363,394,RABV_EA
7eda0c5c-ea75-484c-a7cf-9ef066fc873a,538,2023-05-09T06:25:05.611556+01:00,barcode08,rabv_ea,11923,10164,10572,365,393,RABV_EA
6e34e96a-2fc1-4d42-a0fb-f4644d9f814a,483,2023-05-09T06:24:20.611556+01:00,barcode08,rabv_ea,11923,2733,3129,366,385,RABV_EA
77bc43eb-d1fc-4d6d-b746-0605c0eb0302,513,2023-05-09T06:25:05.611556+01:00,barcode08,rabv_ea,11923,10164,10570,347,371,RABV_EA
13d1ff2e-9f85-4faf-b387-fa3ba1188765,889,2023-05-09T06:25:02.611556+01:00,barcode08,?,11923,0,0,370,390,?
8b6a9716-8280-45f4-ac19-a13b6febe086,517,2023-05-09T06:25:03.611556+01:00,barcode08,rabv_ea,11923,319,704,368,384,RABV_EA
609044f1-033e-41da-8963-7a4c9a28adfb,458,2023-05-09T06:23:38.611556+01:00,barcode08,rabv_ea,11923,1864,2237,340,366,RABV_EA
afe82ae3-ad98-4e57-90c8-e3ffecb90dd1,498,2023-05-09T06:25:01.611556+01:00,barcode08,*,0,0,0,0,0,*
a54d6a30-5090-4bb0-b785-003357f57905,441,2023-05-09T06:25:00.611556+01:00,barcode08,rabv_ea,11923,11392,11784,339,369,RABV_EA
446fdc4b-58ea-4d8c-8b7a-351e34c544bd,891,2023-05-09T06:24:18.611556+01:00,barcode08,?,11923,0,0,370,386,?
c7589998-4ddd-4402-9756-94b7b4ef44b9,460,2023-05-09T06:24:41.611556+01:00,barcode08,rabv_ea,11923,9851,10229,342,363,RABV_EA
9efd1b64-0f2e-45db-b3dc-2561ca76f0be,856,2023-05-09T06:24:19.611556+01:00,barcode08,?,11923,0,0,359,381,?
cfe3ea05-625d-4241-9e69-f477dc2856b4,741,2023-05-09T06:25:02.611556+01:00,barcode08,?,11923,0,0,377,396,?
a72de7cf-ebdd-491f-aa75-8d614955f6c6,475,2023-05-09T06:25:07.611556+01:00,barcode08,rabv_ea,11923,2747,3150,359,383,RABV_EA
8d69e816-77d0-4782-8b8b-d42b39fe8587,466,2023-05-09T06:24:44.611556+01:00,barcode08,rabv_ea,11923,2757,3134,329,357,RABV_EA
42da4ece-3b68-493b-b823-34b7c903ccfd,542,2023-05-09T06:23:30.611556+01:00,barcode08,rabv_ea,11923,9851,10263,372,401,RABV_EA
7c6e5675-69b5-4b9c-bdb1-5c3f0156523c,2158,2023-05-09T06:23:28.611556+01:00,barcode08,?,11923,0,0,402,414,?
c295021d-e2f6-410e-a1df-a0290efe2271,549,2023-05-09T06:23:35.611556+01:00,barcode08,rabv_ea,11923,10164,10573,371,405,RABV_EA
4fbb93cb-5ac7-45a0-aee9-7f5afff23253,522,2023-05-09T06:25:11.611556+01:00,barcode08,rabv_ea,11923,10164,10571,370,397,RABV_EA
7e8d2896-cf9f-44b5-8722-64b1e9d32b81,853,2023-05-09T06:25:09.611556+01:00,barcode08,?,11923,0,0,359,376,?
96a434a4-69de-4c07-91bc-bc18575ec5df,467,2023-05-09T06:24:59.611556+01:00,barcode08,rabv_ea,11923,2743,3131,338,369,RABV_EA
b4043f07-1343-4171-b840-06ce7545e858,247,2023-05-09T06:25:00.611556+01:00,barcode08,rabv_ea,11923,4339,4514,162,173,RABV_EA
31291324-a7fc-43dd-9b85-662f2be30468,448,2023-05-09T06:24:59.611556+01:00,barcode08,rabv_ea,11923,1870,2246,339,358,RABV_EA
8a4bee26-9fe7-4a89-b397-83c63bbf1681,457,2023-05-09T06:23:41.611556+01:00,barcode08,rabv_ea,11923,958,1322,323,353,RABV_EA
739c4ccc-2d81-49c5-9697-9a57928afbd0,196,2023-05-09T06:23:35.611556+01:00,barcode08,rabv_ea,11923,1513,1634,116,119,RABV_EA
e334817e-4397-4e4f-9446-63afd78942db,455,2023-05-09T06:23:42.611556+01:00,barcode08,rabv_ea,11923,10187,10574,340,369,RABV_EA
241287a5-83cf-415d-a60b-021181b9e0b1,934,2023-05-09T06:25:08.611556+01:00,barcode08,?,11923,0,0,358,373,?
113e86e0-97af-4b5e-91f3-de35da381dd0,1093,2023-05-09T06:24:59.611556+01:00,barcode08,?,11923,0,0,365,382,?
701d42b1-ff15-46f7-a25b-94904f6d7568,920,2023-05-09T06:25:08.611556+01:00,barcode08,?,11923,0,0,384,402,?
01c1fcd3-dbeb-4e67-856e-9cef09f4351f,461,2023-05-09T06:24:40.611556+01:00,barcode08,rabv_ea,11923,319,696,350,368,RABV_EA
c6e04345-e0a7-456d-9314-7e50193121cd,906,2023-05-09T06:24:51.611556+01:00,barcode08,?,11923,0,0,339,362,?
9402baf1-f8b9-4e43-95ef-b29ee03f8f56,460,2023-05-09T06:24:37.611556+01:00,barcode08,rabv_ea,11923,11113,11494,347,372,RABV_EA
85010c53-54e6-47c3-88b2-a89112b1c5fe,545,2023-05-09T06:24:39.611556+01:00,barcode08,rabv_ea,11923,10164,10576,373,399,RABV_EA
e36ee5bd-490a-4191-b1ee-f81c93e5a9ed,443,2023-05-09T06:25:10.611556+01:00,barcode08,rabv_ea,11923,1870,2246,349,365,RABV_EA
1919f275-5dc5-451d-9f84-1c3a4c6b75f6,2002,2023-05-09T06:25:05.611556+01:00,barcode08,?,11923,0,0,381,404,?
655d410a-1ab0-4570-aebc-c1f1e12e013d,726,2023-05-09T06:25:09.611556+01:00,barcode08,*,0,0,0,0,0,*
7712d505-2404-4d32-a26a-53568bdfcbf1,525,2023-05-09T06:24:38.611556+01:00,barcode08,rabv_ea,11923,3390,3789,383,392,RABV_EA
d8441a70-c85d-4071-8dce-49308f0a085e,512,2023-05-09T06:24:37.611556+01:00,barcode08,rabv_ea,11923,319,700,360,373,RABV_EA
dde0f236-9ab9-4f23-9293-3dd8df92920d,476,2023-05-09T06:25:10.611556+01:00,barcode08,rabv_ea,11923,10172,10541,328,354,RABV_EA
895fe4af-347c-407c-81ba-c6445bddf395,464,2023-05-09T06:25:07.611556+01:00,barcode08,rabv_ea,11923,2445,2816,343,359,RABV_EA
a5e74c23-1e8c-497b-a94a-aa910333e1b3,470,2023-05-09T06:24:51.611556+01:00,barcode08,rabv_ea,11923,10164,10533,295,318,RABV_EA
64a99ef7-1995-4c7f-a065-66d9e9981174,532,2023-05-09T06:25:16.611556+01:00,barcode08,rabv_ea,11923,4626,5051,384,411,RABV_EA
b7cd00da-eeaf-45be-ac9a-a7bf4028eb54,454,2023-05-09T06:25:18.611556+01:00,barcode08,rabv_ea,11923,319,696,344,361,RABV_EA
0e24bb3d-dd49-439a-9673-3a0903592867,460,2023-05-09T06:25:08.611556+01:00,barcode08,rabv_ea,11923,953,1335,346,367,RABV_EA
e6bf5e48-e7d1-49a7-b8d9-9de8a46d4976,964,2023-05-09T06:25:11.611556+01:00,barcode08,?,11923,0,0,371,385,?
3fcfbe9f-927e-4d38-b8d7-dffb4b5ab230,440,2023-05-09T06:23:40.611556+01:00,barcode08,rabv_ea,11923,9561,9928,324,343,RABV_EA
5b3feb5d-fe61-4950-be5f-dd732b3b5d1d,333,2023-05-09T06:25:19.611556+01:00,barcode08,rabv_ea,11923,2619,2831,201,208,RABV_EA
5c5f41a4-54da-4585-9c88-9706df72c973,473,2023-05-09T06:25:09.611556+01:00,barcode08,rabv_ea,11923,11418,11796,348,367,RABV_EA
4cfc5b66-be2e-4f6f-9a46-4a937e42b089,933,2023-05-09T06:23:39.611556+01:00,barcode08,?,11923,0,0,364,378,?
7c1ab135-38cd-481e-8e0d-aeec2048959f,514,2023-05-09T06:24:37.611556+01:00,barcode08,rabv_ea,11923,9851,10263,390,400,RABV_EA
0406b370-ed65-44ac-9704-e3dc8a79c5d1,471,2023-05-09T06:24:35.611556+01:00,barcode08,rabv_ea,11923,2735,3135,366,383,RABV_EA
da61b68e-2ff9-4478-aa88-11250d05bb80,515,2023-05-09T06:23:42.611556+01:00,barcode08,rabv_ea,11923,6423,6826,381,395,RABV_EA
e9f3e73d-458e-4a5b-a9df-991ab2552e95,521,2023-05-09T06:23:27.611556+01:00,barcode08,rabv_ea,11923,319,709,368,386,RABV_EA
f49385fb-d1a0-40c6-9fac-a4e4544c72a2,1270,2023-05-09T06:25:17.611556+01:00,barcode08,?,11923,0,0,354,380,?
929f77f0-dc26-4522-b5d1-26237906bbef,467,2023-05-09T06:25:19.611556+01:00,barcode08,rabv_ea,11923,6436,6828,361,380,RABV_EA
d20f49fb-b263-4bb8-9cf8-686004c530dc,259,2023-05-09T06:23:49.611556+01:00,barcode08,rabv_ea,11923,3064,3228,157,164,RABV_EA
fe157f47-a218-45fa-8a53-8eb195c910f1,458,2023-05-09T06:24:55.611556+01:00,barcode08,rabv_ea,11923,3062,3458,377,388,RABV_EA
b4c6498d-ad00-4b5d-84c1-9e6ced4a2971,538,2023-05-09T06:24:15.611556+01:00,barcode08,rabv_ea,11923,10164,10576,378,404,RABV_EA
d2f2e1c4-2014-4310-9363-53f6a01ca661,253,2023-05-09T06:25:31.611556+01:00,barcode08,*,0,0,0,0,0,*
9e766a67-584c-4955-b165-9bdb96268e9f,679,2023-05-09T06:25:40.611556+01:00,barcode08,?,11923,0,0,507,529,?
ff1efc6c-6318-4ce4-ac28-02889a5cbcd7,540,2023-05-09T06:25:41.611556+01:00,barcode08,rabv_ea,11923,9857,10260,367,393,RABV_EA
17982647-3b35-4a10-aa17-21666a9b226a,528,2023-05-09T06:25:40.611556+01:00,barcode08,rabv_ea,11923,10172,10576,365,389,RABV_EA
76bb4729-c835-4f54-bc27-ca457102a06d,629,2023-05-09T06:25:23.611556+01:00,barcode08,rabv_ea,11923,10164,10577,378,404,RABV_EA
4a310c0e-9991-4d54-8628-546d14af9158,481,2023-05-09T06:25:30.611556+01:00,barcode08,rabv_ea,11923,10164,10564,370,391,RABV_EA
49bfba36-99d5-4be6-909c-879f1d100a45,449,2023-05-09T06:25:21.611556+01:00,barcode08,rabv_ea,11923,319,695,352,368,RABV_EA
fcfd70d2-6846-4d0f-8b7d-b282bda495e2,1038,2023-05-09T06:24:55.611556+01:00,barcode08,?,11923,0,0,344,365,?
313281a2-1f19-486c-9517-3f045bb21f6c,886,2023-05-09T06:24:56.611556+01:00,barcode08,?,11923,0,0,352,371,?
8650c5ce-b562-4468-91f8-39ce9c0dc120,860,2023-05-09T06:24:13.611556+01:00,barcode08,?,11923,0,0,370,381,?
9a845264-2912-40ea-aba9-383edeb64677,529,2023-05-09T06:24:18.611556+01:00,barcode08,rabv_ea,11923,10164,10576,361,391,RABV_EA
a547f737-6aac-44ec-a843-89f43626fc48,535,2023-05-09T06:24:18.611556+01:00,barcode08,rabv_ea,11923,10165,10574,362,393,RABV_EA
aafd97a4-1a29-4d4f-8dd9-4e965a7d9f02,864,2023-05-09T06:25:40.611556+01:00,barcode08,?,11923,0,0,374,406,?
504fb44d-fa77-4946-a578-1449c9c04e24,449,2023-05-09T06:25:41.611556+01:00,barcode08,rabv_ea,11923,319,695,353,370,RABV_EA
c5338da6-ae11-4858-ba1d-9dd08591c663,532,2023-05-09T06:24:11.611556+01:00,barcode08,rabv_ea,11923,10170,10576,357,389,RABV_EA
b0eef7db-35ec-4131-9c5c-54e88f54d5ec,531,2023-05-09T06:24:58.611556+01:00,barcode08,rabv_ea,11923,9851,10263,387,399,RABV_EA
17f6b6f2-39c9-4a23-8a73-a6caee2b11be,770,2023-05-09T06:23:50.611556+01:00,barcode08,?,11923,0,0,358,381,?
02295391-2338-4baa-ba38-8126f6a70fd7,505,2023-05-09T06:24:54.611556+01:00,barcode08,rabv_ea,11923,319,709,353,378,RABV_EA
1c505aca-8bf1-4064-bb84-d755318473ac,939,2023-05-09T06:25:27.611556+01:00,barcode08,?,11923,0,0,380,410,?
8c97736a-5491-49d0-8d1c-1c328dc758bd,743,2023-05-09T06:25:26.611556+01:00,barcode08,rabv_ea,11923,11103,11494,343,366,RABV_EA
20c59508-835d-4699-ae22-7301d0d6a28b,518,2023-05-09T06:24:55.611556+01:00,barcode08,rabv_ea,11923,8927,9323,341,377,RABV_EA
27ccccc2-fbcc-4db6-9ea1-7920f48be307,1690,2023-05-09T06:25:23.611556+01:00,barcode08,?,11923,0,0,360,385,?
b0a69adb-c251-4d6c-8f6a-76c339a223f0,871,2023-05-09T06:25:32.611556+01:00,barcode08,?,11923,0,0,378,394,?
2cb90923-c19d-492e-b12b-49067647aa3e,1277,2023-05-09T06:25:34.611556+01:00,barcode08,?,11923,0,0,385,399,?
f5734059-dce0-44b4-b2c0-555e2a679bb3,515,2023-05-09T06:24:16.611556+01:00,barcode08,rabv_ea,11923,10164,10573,370,398,RABV_EA
c7027260-f8dd-439c-adf7-5475dc29f84d,489,2023-05-09T06:24:14.611556+01:00,barcode08,rabv_ea,11923,4644,5051,351,385,RABV_EA
479d4199-b241-4d1b-b1ed-81be3d723ba9,882,2023-05-09T06:25:28.611556+01:00,barcode08,?,11923,0,0,362,377,?
6a112585-2349-462f-89fe-00473bb0d94a,460,2023-05-09T06:24:16.611556+01:00,barcode08,rabv_ea,11923,6424,6819,370,383,RABV_EA
cad418d0-3819-45e8-8a6d-e0ccac5f9481,688,2023-05-09T06:25:36.611556+01:00,barcode08,rabv_ea,11923,5202,5593,344,368,RABV_EA
beadd78b-af69-4be4-9a4f-bbabb7001c65,432,2023-05-09T06:25:26.611556+01:00,barcode08,rabv_ea,11923,1870,2222,300,328,RABV_EA
370c2192-a80b-4fef-a0e6-0c93bb7c7a1f,520,2023-05-09T06:24:10.611556+01:00,barcode08,rabv_ea,11923,11393,11794,368,389,RABV_EA
83b9dcca-640f-42d3-9100-c6fcd1b80cf6,1753,2023-05-09T06:24:09.611556+01:00,barcode08,?,11923,0,0,368,386,?
b823ad74-b64a-4e7a-8b7d-8768bdb0a018,2914,2023-05-09T06:24:03.611556+01:00,barcode08,?,11923,0,0,384,401,?
8ac66817-01e7-4cb7-bf0d-16c74d3bd61d,1247,2023-05-09T06:24:07.611556+01:00,barcode08,?,11923,0,0,379,393,?
c86b9b3c-0bd2-455d-bd58-335c718054a5,2182,2023-05-09T06:25:40.611556+01:00,barcode08,?,11923,0,0,372,384,?
b7d28503-3a68-4140-bf06-6d7ddba16780,526,2023-05-09T06:24:34.611556+01:00,barcode08,rabv_ea,11923,10165,10580,360,395,RABV_EA
f3a3fc4b-871c-48e9-a86c-d05054718a17,387,2023-05-09T06:24:33.611556+01:00,barcode08,rabv_ea,11923,6512,6827,305,309,RABV_EA
87c0421c-ba1b-4a88-855f-be3ed6fc5098,539,2023-05-09T06:25:11.611556+01:00,barcode08,rabv_ea,11923,10164,10572,366,390,RABV_EA
cd8c5e66-ceeb-467a-9d20-3be918659c68,835,2023-05-09T06:26:02.611556+01:00,barcode08,?,11923,0,0,348,367,?
503336da-c4a6-4bbf-96be-76359ece1788,533,2023-05-09T06:25:16.611556+01:00,barcode08,rabv_ea,11923,10164,10576,367,396,RABV_EA
5c818229-2277-4da8-a766-52780f5598a5,908,2023-05-09T06:25:18.611556+01:00,barcode08,?,11923,0,0,376,387,?
34cdef72-4b98-4e4a-a49b-a5df586045fb,1102,2023-05-09T06:24:20.611556+01:00,barcode08,?,11923,0,0,366,381,?
ec2bff6d-d1f2-49c2-8c39-f2f0af9d4468,465,2023-05-09T06:25:30.611556+01:00,barcode08,rabv_ea,11923,2733,3130,369,385,RABV_EA
52d9a111-a0c0-46ee-8443-5912140a3d0a,557,2023-05-09T06:25:31.611556+01:00,barcode08,rabv_ea,11923,10164,10576,374,407,RABV_EA
bc423f2d-695c-493e-b314-4ba083da75f5,459,2023-05-09T06:25:26.611556+01:00,barcode08,rabv_ea,11923,11109,11494,371,382,RABV_EA
a4ddf136-4bc5-41ed-9125-fa795dd1d3a0,958,2023-05-09T06:24:18.611556+01:00,barcode08,?,11923,0,0,384,409,?
6fc0c61f-a010-49c8-8478-53f14538e6c0,541,2023-05-09T06:25:24.611556+01:00,barcode08,rabv_ea,11923,9851,10263,391,405,RABV_EA
a005106e-e7e9-42c6-8566-3bd4b7798d14,1315,2023-05-09T06:24:08.611556+01:00,barcode08,?,11923,0,0,358,380,?
f83e8af8-1e7b-49b8-9521-6fb1948cd3ba,1353,2023-05-09T06:24:31.611556+01:00,barcode08,?,11923,0,0,372,392,?
20a6b1bd-4767-423e-b9a3-bac943352e04,919,2023-05-09T06:24:30.611556+01:00,barcode08,?,11923,0,0,362,377,?
155d0350-3439-44de-b873-e675617a9324,462,2023-05-09T06:25:27.611556+01:00,barcode08,rabv_ea,11923,10166,10576,310,341,RABV_EA
e1b7c13c-0e83-469e-95cf-5081dc95a5e5,454,2023-05-09T06:25:26.611556+01:00,barcode08,rabv_ea,11923,11111,11493,354,371,RABV_EA
a2a050f8-7e22-4779-b72f-da53d9e99d58,485,2023-05-09T06:25:26.611556+01:00,barcode08,rabv_ea,11923,10169,10563,367,392,RABV_EA
e1d77a6b-18a9-4052-86dc-92d6983e0471,463,2023-05-09T06:24:34.611556+01:00,barcode08,rabv_ea,11923,11408,11794,354,375,RABV_EA
0d57d6e6-d840-4ab4-9fc7-e9979e2e8ed1,529,2023-05-09T06:26:02.611556+01:00,barcode08,rabv_ea,11923,10172,10576,355,387,RABV_EA
aaaa4347-22e2-4971-ab74-557a3b81f822,147,2023-05-09T06:24:36.611556+01:00,barcode08,*,0,0,0,0,0,*
884843c0-ba8e-4605-8e81-87268992427a,460,2023-05-09T06:25:28.611556+01:00,barcode08,rabv_ea,11923,9851,10247,372,385,RABV_EA
ef0e085c-8840-4612-bcf6-d755540238b6,526,2023-05-09T06:25:32.611556+01:00,barcode08,rabv_ea,11923,1864,2246,356,377,RABV_EA
1320b7aa-1e34-40cc-8469-5652c24d48f8,401,2023-05-09T06:25:44.611556+01:00,barcode08,rabv_ea,11923,960,1276,285,300,RABV_EA
f1254f75-5d0b-43a2-a251-ee21e64466ab,494,2023-05-09T06:25:49.611556+01:00,barcode08,rabv_ea,11923,3383,3781,372,389,RABV_EA
a99db9ad-cc06-4183-9707-1a8b28e87872,472,2023-05-09T06:25:49.611556+01:00,barcode08,rabv_ea,11923,4644,5038,351,384,RABV_EA
7d9d8cf6-cb21-4917-898c-ed67ca29a6fd,333,2023-05-09T06:25:39.611556+01:00,barcode08,rabv_ea,11923,267,453,177,184,RABV_EA
31eaf2f2-37cd-4782-8d18-ade3cb286c1e,447,2023-05-09T06:25:40.611556+01:00,barcode08,rabv_ea,11923,956,1335,349,367,RABV_EA
c496a8dd-d1b2-442f-87ba-0fd64609b899,783,2023-05-09T06:24:34.611556+01:00,barcode08,rabv_ea,11923,10164,10575,374,404,RABV_EA
38c51081-b420-456e-b4fb-918cd4b7291f,539,2023-05-09T06:25:33.611556+01:00,barcode08,rabv_ea,11923,10164,10576,370,399,RABV_EA
58f47664-6626-4ac5-be5f-3a51358cab1d,461,2023-05-09T06:25:35.611556+01:00,barcode08,rabv_ea,11923,8941,9325,359,379,RABV_EA
3977bdff-8e28-45f2-a857-98bc177cf757,1301,2023-05-09T06:25:19.611556+01:00,barcode08,?,11923,0,0,393,412,?
4c9978c2-15c7-4d47-a8e3-0aacc552fc26,1996,2023-05-09T06:24:31.611556+01:00,barcode08,?,11923,0,0,389,401,?
b12e02ae-2d19-4d2b-94aa-67b5eed1738d,458,2023-05-09T06:24:31.611556+01:00,barcode08,rabv_ea,11923,9851,10247,369,386,RABV_EA
90dcd247-1541-4ba0-b62a-8c54fa2a5ce8,795,2023-05-09T06:25:48.611556+01:00,barcode08,?,11923,0,0,370,384,?
272ff934-6297-4219-8de5-ae3c2a57c41a,931,2023-05-09T06:25:46.611556+01:00,barcode08,?,11923,0,0,378,394,?
57a46ed0-1ba1-4005-925e-22d5491b5723,484,2023-05-09T06:25:48.611556+01:00,barcode08,rabv_ea,11923,10164,10562,362,384,RABV_EA
a9886f3d-fb8b-4957-a4ce-5e0f08039b2b,405,2023-05-09T06:25:49.611556+01:00,barcode08,rabv_ea,11923,2441,2785,313,326,RABV_EA
d33775fc-1562-4855-b526-21fac53f28eb,467,2023-05-09T06:24:33.611556+01:00,barcode08,rabv_ea,11923,8942,9325,363,377,RABV_EA
acb32817-045c-4ba6-a5b0-257a91a8aded,454,2023-05-09T06:24:32.611556+01:00,barcode08,rabv_ea,11923,57,441,352,373,RABV_EA
8a1362bb-8b9d-465a-aa69-c13037b21b69,875,2023-05-09T06:25:39.611556+01:00,barcode08,?,11923,0,0,379,404,?
55da4271-aedd-4312-a559-71c1cfce7dec,402,2023-05-09T06:25:39.611556+01:00,barcode08,rabv_ea,11923,6527,6828,285,291,RABV_EA
c2630518-4c68-494a-b371-58e424827c8a,446,2023-05-09T06:25:39.611556+01:00,barcode08,rabv_ea,11923,11115,11473,332,345,RABV_EA
a7dc8c3c-3ca5-4dfb-beb5-df9211d6bb12,540,2023-05-09T06:24:34.611556+01:00,barcode08,rabv_ea,11923,10167,10510,307,330,RABV_EA
510745f8-ba93-4204-add6-f02400eb011c,446,2023-05-09T06:24:34.611556+01:00,barcode08,rabv_ea,11923,11105,11453,315,331,RABV_EA
045476a7-9359-4c96-89ad-8f6981b1fb26,434,2023-05-09T06:25:35.611556+01:00,barcode08,rabv_ea,11923,6781,7155,340,355,RABV_EA
7ab0608f-9be6-4ae9-a873-d6e433b36619,878,2023-05-09T06:25:38.611556+01:00,barcode08,?,11923,0,0,356,381,?
740977a0-045d-46f9-9f34-2cd3966fd2f5,533,2023-05-09T06:26:10.611556+01:00,barcode08,rabv_ea,11923,3383,3791,376,393,RABV_EA
88fb8f36-467b-4b6a-a543-f8d1739556d2,1313,2023-05-09T06:25:32.611556+01:00,barcode08,?,11923,0,0,362,376,?
cf5ed5fe-c840-4e56-a130-d7192c4defac,530,2023-05-09T06:26:00.611556+01:00,barcode08,rabv_ea,11923,10164,10574,364,390,RABV_EA
2ff9a330-0d5e-4e1d-a7ab-e674d71b063b,722,2023-05-09T06:26:09.611556+01:00,barcode08,?,11923,0,0,359,385,?
cce40758-d003-465f-96e1-75c83a57d9d8,511,2023-05-09T06:26:05.611556+01:00,barcode08,rabv_ea,11923,10164,10572,336,369,RABV_EA
b0b77174-38ab-45f0-a006-41b8a754d18b,696,2023-05-09T06:26:03.611556+01:00,barcode08,?,11923,0,0,353,374,?
04fb4490-7d65-4dd1-9bfd-19200d9d8004,513,2023-05-09T06:24:30.611556+01:00,barcode08,rabv_ea,11923,9851,10263,367,391,RABV_EA
1a0f3828-6f37-4ef6-8edd-53542d0641dd,324,2023-05-09T06:25:38.611556+01:00,barcode08,rabv_ea,11923,74,343,232,245,RABV_EA
b0095ed9-70e0-4cc2-8dd2-a66e7583c0e6,739,2023-05-09T06:25:42.611556+01:00,barcode08,?,11923,0,0,378,387,?
21d95944-d047-4319-82cc-60cf1af21a25,1239,2023-05-09T06:25:41.611556+01:00,barcode08,?,11923,0,0,376,402,?
d24140de-c56e-469b-aa75-b0e5e9c7920c,530,2023-05-09T06:25:59.611556+01:00,barcode08,rabv_ea,11923,9851,10242,366,387,RABV_EA
3017261c-7076-47af-aa74-54e677494eff,930,2023-05-09T06:24:26.611556+01:00,barcode08,?,11923,0,0,375,391,?
eb8390ae-3670-4c98-baba-8e70ec2f6d10,699,2023-05-09T06:26:01.611556+01:00,barcode08,rabv_ea,11923,4631,5053,366,404,RABV_EA
6ee3330d-977f-46fe-a9b2-cb2faf8a9cb2,962,2023-05-09T06:26:00.611556+01:00,barcode08,?,11923,0,0,376,398,?
dde66d8a-56a9-4cbd-bf5a-15373d671682,528,2023-05-09T06:25:50.611556+01:00,barcode08,rabv_ea,11923,9851,10263,391,404,RABV_EA
197d7c5d-a90a-429e-9c58-3f3c0616e1fa,846,2023-05-09T06:25:47.611556+01:00,barcode08,?,11923,0,0,372,386,?
1cf704b5-fe4c-461f-afc1-744815f051a0,479,2023-05-09T06:25:48.611556+01:00,barcode08,rabv_ea,11923,10167,10562,360,384,RABV_EA
6ab293ed-7db6-4915-a89e-0731c7d34ce1,531,2023-05-09T06:24:55.611556+01:00,barcode08,rabv_ea,11923,10170,10576,368,395,RABV_EA
b31739c6-3ffd-4db9-a43e-bc4d9cce9e0f,461,2023-05-09T06:25:35.611556+01:00,barcode08,rabv_ea,11923,3394,3762,351,362,RABV_EA
95ff1412-aa75-4edb-8cd2-fe51927368ed,544,2023-05-09T06:25:34.611556+01:00,barcode08,rabv_ea,11923,9851,10258,381,395,RABV_EA
337b8389-36e5-45b8-9cbe-8afdc94ca475,455,2023-05-09T06:26:03.611556+01:00,barcode08,rabv_ea,11923,951,1334,367,381,RABV_EA
527e2c32-8e67-4edd-8af4-1657e94f2416,455,2023-05-09T06:24:30.611556+01:00,barcode08,rabv_ea,11923,11407,11796,329,363,RABV_EA
76e83b7f-a668-4149-afed-ba5c03f4599d,898,2023-05-09T06:25:39.611556+01:00,barcode08,rabv_ea,11923,11097,11478,345,368,RABV_EA
78887661-bc41-4a47-b3e4-16a25f38d07e,482,2023-05-09T06:25:50.611556+01:00,barcode08,rabv_ea,11923,2733,3135,371,392,RABV_EA
b39bf368-fdd1-46d4-ac21-2d40706ef296,487,2023-05-09T06:25:59.611556+01:00,barcode08,rabv_ea,11923,4633,5036,354,387,RABV_EA
45df6f33-2964-4965-bb22-55a3c1399a55,1414,2023-05-09T06:24:54.611556+01:00,barcode08,?,11923,0,0,378,401,?
92f25e82-0c26-41d3-b9b8-1e7a87a271a4,947,2023-05-09T06:25:55.611556+01:00,barcode08,?,11923,0,0,385,409,?
b38dd235-f305-49bb-928b-9b717b07297c,522,2023-05-09T06:26:17.611556+01:00,barcode08,rabv_ea,11923,10164,10576,348,385,RABV_EA
152c3bc6-110c-4775-9a70-8f34e6c2e62f,170,2023-05-09T06:26:19.611556+01:00,barcode08,*,0,0,0,0,0,*
e52b959f-18e1-4f23-bcbe-b71fb9e07a27,877,2023-05-09T06:25:46.611556+01:00,barcode08,?,11923,0,0,371,386,?
8cee8c82-b709-4079-8774-9d63d2c47a9d,705,2023-05-09T06:25:54.611556+01:00,barcode08,?,11923,0,0,358,380,?
d541c3ef-f3bb-4ae7-abbc-972bb09e7e42,468,2023-05-09T06:26:22.611556+01:00,barcode08,rabv_ea,11923,2735,3136,381,393,RABV_EA
ecfe9674-16a5-4d80-b94f-b1c95a8ccae2,862,2023-05-09T06:24:49.611556+01:00,barcode08,?,11923,0,0,362,384,?
657d4656-2593-415c-a3f4-c5221ed44be8,868,2023-05-09T06:26:17.611556+01:00,barcode08,?,11923,0,0,367,388,?
29054930-fc67-4b26-a721-fbfd27b107ab,869,2023-05-09T06:26:02.611556+01:00,barcode08,?,11923,0,0,381,391,?
3fa3b79d-dedd-449d-b6c4-ea89464ecdcb,547,2023-05-09T06:25:42.611556+01:00,barcode08,rabv_ea,11923,4626,5051,393,415,RABV_EA
e5016f9e-a3d0-4e93-a3d7-bc86982c74f8,524,2023-05-09T06:26:18.611556+01:00,barcode08,rabv_ea,11923,10164,10584,346,387,RABV_EA
964ce959-bd64-4ce9-8976-647301c672cf,540,2023-05-09T06:24:53.611556+01:00,barcode08,rabv_ea,11923,10170,10572,348,384,RABV_EA
ab0d92ec-d5c9-47d2-8462-e168046c54b2,496,2023-05-09T06:25:46.611556+01:00,barcode08,rabv_ea,11923,10167,10562,368,390,RABV_EA
a2602977-9c7c-462e-a6ec-bce35975f2f3,556,2023-05-09T06:25:56.611556+01:00,barcode08,rabv_ea,11923,10164,10578,366,405,RABV_EA
b491e31a-222f-4cc3-80cf-21e8cc7c2a5b,883,2023-05-09T06:26:19.611556+01:00,barcode08,?,11923,0,0,354,385,?
11608f35-74c2-4ba3-a5d6-dc28b27f220f,474,2023-05-09T06:26:06.611556+01:00,barcode08,rabv_ea,11923,2733,3133,363,388,RABV_EA
c1bd53c9-4316-47f1-8471-1fbecf2dd128,1297,2023-05-09T06:24:48.611556+01:00,barcode08,?,11923,0,0,374,383,?
3f550fb5-7245-4357-8338-a090c44f7ef3,457,2023-05-09T06:25:37.611556+01:00,barcode08,rabv_ea,11923,3083,3459,332,353,RABV_EA
cce4a673-f931-4b49-b2e5-3290b7a46503,900,2023-05-09T06:26:21.611556+01:00,barcode08,?,11923,0,0,367,382,?
8831643b-5f77-478a-8889-0c7aa5f34f81,532,2023-05-09T06:25:43.611556+01:00,barcode08,rabv_ea,11923,10175,10575,368,391,RABV_EA
710acf95-181e-4b98-a2b3-7d050e5ceea8,802,2023-05-09T06:25:44.611556+01:00,barcode08,?,11923,0,0,372,403,?
2abbfc6c-f00a-4170-8539-6fb9ab45c8c8,926,2023-05-09T06:26:21.611556+01:00,barcode08,?,11923,0,0,366,381,?
3921804d-a171-4a76-9cfe-27c2da493545,921,2023-05-09T06:24:49.611556+01:00,barcode08,?,11923,0,0,368,396,?
faa73221-966e-475f-b0ec-0339c48c9699,903,2023-05-09T06:26:24.611556+01:00,barcode08,rabv_ea,11923,9537,10263,647,684,RABV_EA
3c65ff92-f09e-4e04-818f-a37dc8839319,963,2023-05-09T06:26:12.611556+01:00,barcode08,?,11923,0,0,377,409,?
0255a325-210d-49d1-8681-0da326ecb5b3,737,2023-05-09T06:26:12.611556+01:00,barcode08,?,11923,0,0,375,396,?
6c3538ef-4244-48b0-8581-45cca711696d,452,2023-05-09T06:26:20.611556+01:00,barcode08,rabv_ea,11923,941,1319,344,370,RABV_EA
4e6d9949-79e5-4dc5-9f2c-70af8fe069c0,858,2023-05-09T06:26:20.611556+01:00,barcode08,?,11923,0,0,351,376,?
dc1b40fc-1a8f-43bd-b7ad-0dc03efc482e,505,2023-05-09T06:26:22.611556+01:00,barcode08,rabv_ea,11923,10164,10575,333,370,RABV_EA
3b438fe9-c540-45c2-b9dd-eda5d0c35f29,520,2023-05-09T06:26:21.611556+01:00,barcode08,rabv_ea,11923,319,709,367,385,RABV_EA
dab1b7f5-4799-430c-bac1-29656120b045,1812,2023-05-09T06:26:19.611556+01:00,barcode08,?,11923,0,0,396,419,?
b14b8a58-fc9d-4d52-82cb-05e099c9d298,474,2023-05-09T06:26:22.611556+01:00,barcode08,rabv_ea,11923,11408,11796,355,370,RABV_EA
878df350-8578-4a92-aec1-0f57b50697ea,456,2023-05-09T06:26:40.611556+01:00,barcode08,rabv_ea,11923,2446,2822,351,367,RABV_EA
1289350a-e585-4f11-9abe-bb46217091be,935,2023-05-09T06:26:39.611556+01:00,barcode08,?,11923,0,0,380,396,?
4c01516c-0eb5-4956-872e-cb7c26a856e2,514,2023-05-09T06:26:19.611556+01:00,barcode08,rabv_ea,11923,1864,2264,366,384,RABV_EA
3bb8c9c7-061a-48d9-8dab-3a23dc51c79d,530,2023-05-09T06:25:20.611556+01:00,barcode08,rabv_ea,11923,2733,3149,389,405,RABV_EA
e7258e92-858d-4a25-839b-4ad796c44dd6,522,2023-05-09T06:25:20.611556+01:00,barcode08,rabv_ea,11923,9853,10266,385,404,RABV_EA
5fbb837c-f0be-4d73-85eb-7f87dff69f76,457,2023-05-09T06:25:29.611556+01:00,barcode08,rabv_ea,11923,4626,5035,359,385,RABV_EA
0544fd70-bcc2-4362-b25b-eeb575f9ff4b,460,2023-05-09T06:25:29.611556+01:00,barcode08,rabv_ea,11923,11405,11796,356,382,RABV_EA
382cc241-e53a-4ebd-8229-c657ed1a4b79,879,2023-05-09T06:26:39.611556+01:00,barcode08,?,11923,0,0,372,401,?
42ba1141-3521-4c2d-83f9-c026ca96a034,541,2023-05-09T06:26:24.611556+01:00,barcode08,rabv_ea,11923,10164,10570,367,399,RABV_EA
36be93eb-7770-4dac-9720-e282dc20b617,531,2023-05-09T06:26:21.611556+01:00,barcode08,rabv_ea,11923,9531,9932,350,382,RABV_EA
d15afb18-44e1-458f-85f7-33dcceb1b1dc,514,2023-05-09T06:26:22.611556+01:00,barcode08,rabv_ea,11923,8927,9320,347,377,RABV_EA
d19eeec9-c9f6-4869-841e-8ccf1dc5fc52,514,2023-05-09T06:26:41.611556+01:00,barcode08,rabv_ea,11923,10164,10576,335,376,RABV_EA
c264aba6-e1dc-45b2-a86d-0b67b4f9203d,934,2023-05-09T06:26:17.611556+01:00,barcode08,?,11923,0,0,371,386,?
be8870c7-cfa9-4182-890a-453d57661c45,1682,2023-05-09T06:26:44.611556+01:00,barcode08,?,11923,0,0,316,337,?
4f2a91ef-ee55-4948-ac84-be6debbd180c,383,2023-05-09T06:24:51.611556+01:00,barcode08,rabv_ea,11923,6424,6610,169,176,RABV_EA
abcd2d13-3498-4f39-b84b-4fb6da22d116,424,2023-05-09T06:26:45.611556+01:00,barcode08,rabv_ea,11923,1865,2243,323,340,RABV_EA
b1a983fa-021b-4ff8-8a4b-315e4187192d,903,2023-05-09T06:25:26.611556+01:00,barcode08,?,11923,0,0,358,389,?
8e9742f2-02aa-45d9-9492-8e4bfec10d93,883,2023-05-09T06:25:28.611556+01:00,barcode08,?,11923,0,0,392,420,?
0d90a9c9-b03b-4b67-a513-af9d83d3afcc,709,2023-05-09T06:26:44.611556+01:00,barcode08,rabv_ea,11923,4648,5051,353,383,RABV_EA
a5e5b2b8-5cf0-4c32-8f39-e0668b13133c,230,2023-05-09T06:26:21.611556+01:00,barcode08,*,0,0,0,0,0,*
994a2614-fd1c-4a67-96c8-a02d8e70da63,1279,2023-05-09T06:26:19.611556+01:00,barcode08,?,11923,0,0,671,694,?
61a3d0d8-05cd-4f7c-8594-89e4a88f9e30,532,2023-05-09T06:26:34.611556+01:00,barcode08,rabv_ea,11923,10170,10571,371,394,RABV_EA
928bd64b-04ae-431a-b078-d39ad8c618ed,520,2023-05-09T06:26:22.611556+01:00,barcode08,rabv_ea,11923,7060,7467,378,396,RABV_EA
07c72e2a-02e4-45ab-884e-6569a3462ef1,827,2023-05-09T06:26:28.611556+01:00,barcode08,?,11923,0,0,351,362,?
d765b475-5949-44b4-a717-9c242363b547,475,2023-05-09T06:26:27.611556+01:00,barcode08,rabv_ea,11923,4644,5036,341,373,RABV_EA
64515de7-fb00-4127-8f4d-4db96237f845,525,2023-05-09T06:26:45.611556+01:00,barcode08,rabv_ea,11923,10178,10574,353,381,RABV_EA
1800f5bc-a2ec-47da-a860-a03b92099c31,767,2023-05-09T06:26:25.611556+01:00,barcode08,?,11923,0,0,340,361,?
a625b957-3e36-46a0-ba54-2f30cef650e2,523,2023-05-09T06:26:28.611556+01:00,barcode08,rabv_ea,11923,11096,11494,384,395,RABV_EA
ef4f60bf-c0f5-4e4f-9b1c-d8a534a98341,485,2023-05-09T06:26:25.611556+01:00,barcode08,rabv_ea,11923,4626,5012,339,371,RABV_EA
877f734d-152d-417c-b8ae-e32483cba8dc,455,2023-05-09T06:26:27.611556+01:00,barcode08,rabv_ea,11923,11111,11488,353,369,RABV_EA
cf10f68c-2879-4bc0-8892-8d1c7a3217ad,939,2023-05-09T06:26:12.611556+01:00,barcode08,?,11923,0,0,363,385,?
9bf3f2a4-bf1e-41e7-ad5d-f7f0132b92e4,1271,2023-05-09T06:26:44.611556+01:00,barcode08,rabv_ea,11923,10188,10576,346,377,RABV_EA
ca8487c1-ec54-4156-a046-9310c914a3ea,369,2023-05-09T06:25:24.611556+01:00,barcode08,rabv_ea,11923,2574,2829,243,248,RABV_EA
586e28a3-5a2d-4cbe-a484-47e01dd2a7c3,528,2023-05-09T06:26:44.611556+01:00,barcode08,rabv_ea,11923,10164,10573,364,389,RABV_EA
a94432fb-7e33-4e4d-aa83-b65187c7fda5,546,2023-05-09T06:25:30.611556+01:00,barcode08,rabv_ea,11923,4626,5051,385,414,RABV_EA
edeb7ff0-a843-4d75-838a-8ed8db59b051,331,2023-05-09T06:25:29.611556+01:00,barcode08,rabv_ea,11923,11272,11488,197,207,RABV_EA
b70e17d1-5792-43e8-8b89-0e94720d01e4,503,2023-05-09T06:26:25.611556+01:00,barcode08,rabv_ea,11923,10164,10570,353,383,RABV_EA
2e3d2501-d96a-44e6-ab82-d16c2d8364b5,449,2023-05-09T06:25:52.611556+01:00,barcode08,rabv_ea,11923,9876,10260,352,363,RABV_EA
27bd1323-785e-4160-875a-e432011d7f49,1257,2023-05-09T06:26:55.611556+01:00,barcode08,?,11923,0,0,360,394,?
811c9ec8-52cc-4419-8798-0b90ad2717a3,902,2023-05-09T06:26:40.611556+01:00,barcode08,?,11923,0,0,355,377,?
232ee568-62ab-410c-987e-8dd087de2892,454,2023-05-09T06:26:57.611556+01:00,barcode08,rabv_ea,11923,8940,9325,370,378,RABV_EA
6db661f0-2e3a-4d32-93c8-23939f15ada7,539,2023-05-09T06:26:58.611556+01:00,barcode08,rabv_ea,11923,6424,6835,374,402,RABV_EA
c0862936-65af-4bc3-915c-0755d5109086,538,2023-05-09T06:25:30.611556+01:00,barcode08,rabv_ea,11923,10164,10576,354,390,RABV_EA
7a4a7098-a59e-4eec-b545-e9dfd0617d4a,386,2023-05-09T06:26:55.611556+01:00,barcode08,rabv_ea,11923,1864,2178,277,301,RABV_EA
1fd317ce-d226-437d-95e9-75985538e42e,258,2023-05-09T06:25:54.611556+01:00,barcode08,*,0,0,0,0,0,*
0d9579b4-51dd-4bcb-a63e-dbcac9451652,922,2023-05-09T06:25:28.611556+01:00,barcode08,?,11923,0,0,367,387,?
4c26848c-4222-4731-8308-0d4750fe93a4,443,2023-05-09T06:26:46.611556+01:00,barcode08,*,0,0,0,0,0,*
39f17c1c-76ec-49ad-8bba-89e9531339c8,903,2023-05-09T06:25:31.611556+01:00,barcode08,?,11923,0,0,364,383,?
a3f8669d-b70d-4116-8c8d-026f9fe6b025,934,2023-05-09T06:26:39.611556+01:00,barcode08,?,11923,0,0,386,402,?
51ba7a61-9047-4b91-b346-2539e537f588,449,2023-05-09T06:26:45.611556+01:00,barcode08,rabv_ea,11923,1866,2248,354,369,RABV_EA
df296901-16b5-4f6a-806c-4ef3cf1b29ca,528,2023-05-09T06:26:44.611556+01:00,barcode08,rabv_ea,11923,10164,10559,336,373,RABV_EA
802eb0f1-b1fc-4fd0-857c-aaa989c7d9c5,521,2023-05-09T06:27:00.611556+01:00,barcode08,rabv_ea,11923,319,710,364,379,RABV_EA
4049a9fa-78ca-46c9-b8a9-0cac6855faa6,1368,2023-05-09T06:25:28.611556+01:00,barcode08,?,11923,0,0,377,404,?
a4a1d006-0021-4c2e-9f7f-612f7d29bf53,507,2023-05-09T06:26:45.611556+01:00,barcode08,rabv_ea,11923,9537,9913,329,349,RABV_EA
8f898afd-d3ad-407c-a10c-1374214008a5,530,2023-05-09T06:26:43.611556+01:00,barcode08,rabv_ea,11923,10169,10575,352,386,RABV_EA
3f4bc172-5352-41cd-a7fd-842d48feaacd,464,2023-05-09T06:26:55.611556+01:00,barcode08,rabv_ea,11923,2757,3134,334,357,RABV_EA
35866836-f67c-40cb-b2c5-5e308a0b4094,980,2023-05-09T06:26:51.611556+01:00,barcode08,?,11923,0,0,372,387,?
688a12e8-189c-4235-ae28-3378f0b989ef,1676,2023-05-09T06:26:58.611556+01:00,barcode08,?,11923,0,0,391,410,?
bb1447f5-13a5-437a-8e78-b2fcbe4fba7b,453,2023-05-09T06:27:00.611556+01:00,barcode08,rabv_ea,11923,1864,2243,350,369,RABV_EA
c1f80dc8-9c8a-426d-91f8-9d5579846b4f,272,2023-05-09T06:26:54.611556+01:00,barcode08,rabv_ea,11923,5236,5300,62,64,RABV_EA
580b134c-d2b3-43f9-b0cd-36e52e79dfe5,530,2023-05-09T06:25:52.611556+01:00,barcode08,rabv_ea,11923,3383,3793,384,404,RABV_EA
a764ca28-dea4-4d22-8567-1dbb6e9c8927,509,2023-05-09T06:26:54.611556+01:00,barcode08,rabv_ea,11923,319,706,350,372,RABV_EA
7bb7e464-5b1e-4084-863e-8823d1839ae6,513,2023-05-09T06:25:51.611556+01:00,barcode08,rabv_ea,11923,316,709,350,373,RABV_EA
3eabdced-1aa1-4cd3-8d74-7e71d339c5d3,415,2023-05-09T06:26:55.611556+01:00,barcode08,?,11923,0,0,183,189,?
816942ca-f741-42d8-8e1d-0296f5b5a7cf,885,2023-05-09T06:26:53.611556+01:00,barcode08,?,11923,0,0,370,396,?
8e6020f2-c0e5-4589-bb13-b831aa10f82b,544,2023-05-09T06:26:51.611556+01:00,barcode08,rabv_ea,11923,4626,5051,384,410,RABV_EA
3b69376d-8094-438f-9a50-d6a256d351cb,466,2023-05-09T06:26:55.611556+01:00,barcode08,rabv_ea,11923,9854,10248,380,388,RABV_EA
f4161421-bbf8-4202-a35a-17f3568a5b2c,490,2023-05-09T06:25:53.611556+01:00,barcode08,rabv_ea,11923,3063,3457,370,388,RABV_EA
4a2c8d28-2bf6-4c0a-8270-7089357c14ba,525,2023-05-09T06:26:54.611556+01:00,barcode08,rabv_ea,11923,10164,10576,368,394,RABV_EA
edc077a1-b1be-45a4-85f5-496e20d0c282,820,2023-05-09T06:26:51.611556+01:00,barcode08,?,11923,0,0,368,392,?
83ac0e7a-75a3-44ea-970e-a93c639ba58b,474,2023-05-09T06:26:55.611556+01:00,barcode08,rabv_ea,11923,2733,3131,370,393,RABV_EA
5f644e20-ddae-45ec-a43d-b9325ad1a506,518,2023-05-09T06:27:02.611556+01:00,barcode08,rabv_ea,11923,4631,5036,363,395,RABV_EA
70b5314c-0fa3-4f50-9e7b-853f8ac85c4d,996,2023-05-09T06:26:52.611556+01:00,barcode08,?,11923,0,0,358,379,?
14c422f8-a7dd-4ba8-b658-1c585d1dea91,922,2023-05-09T06:26:36.611556+01:00,barcode08,rabv_ea,11923,1864,2251,331,356,RABV_EA
a1e668d1-abc9-44d6-a7df-b23854214f12,915,2023-05-09T06:26:37.611556+01:00,barcode08,?,11923,0,0,368,386,?
1a3747cb-84e3-4c3f-b6a1-31fbec897c1a,502,2023-05-09T06:26:41.611556+01:00,barcode08,rabv_ea,11923,1922,2234,284,300,RABV_EA
9ede421b-bd9c-42ae-96ea-08ffa747c757,476,2023-05-09T06:26:38.611556+01:00,barcode08,rabv_ea,11923,3399,3781,355,370,RABV_EA
90c45f03-3c83-4961-9b9d-2685e5609f8d,677,2023-05-09T06:26:51.611556+01:00,barcode08,rabv_ea,11923,8979,9326,327,339,RABV_EA
d731f349-c823-4e1a-9912-2e0444d3d348,595,2023-05-09T06:27:00.611556+01:00,barcode08,rabv_ea,11923,11096,11492,378,392,RABV_EA
40cdfb4c-e019-4f8d-8d2a-fe9214dbd439,550,2023-05-09T06:26:53.611556+01:00,barcode08,rabv_ea,11923,2733,3149,375,394,RABV_EA
719077fd-bccb-4877-9ae8-e0dd4c0279b0,525,2023-05-09T06:26:38.611556+01:00,barcode08,rabv_ea,11923,11096,11494,359,379,RABV_EA
691da888-4699-46bc-9cbb-58bdac7c9f71,496,2023-05-09T06:27:01.611556+01:00,barcode08,rabv_ea,11923,1864,2257,350,371,RABV_EA
04c8b6ea-eb86-4d43-815e-97bf60ad596a,857,2023-05-09T06:27:01.611556+01:00,barcode08,?,11923,0,0,356,370,?
2f63a266-c71c-42be-8722-bed03c92db46,478,2023-05-09T06:26:34.611556+01:00,barcode08,rabv_ea,11923,10164,10559,370,391,RABV_EA
a6bd9119-6b90-4d4c-94a6-0535e7402ea4,546,2023-05-09T06:26:34.611556+01:00,barcode08,rabv_ea,11923,10164,10568,373,396,RABV_EA
d0aa6689-5dcb-4e43-a730-33f8d78b53e3,469,2023-05-09T06:25:52.611556+01:00,barcode08,rabv_ea,11923,11407,11796,369,384,RABV_EA
bcf2d491-b6d8-4eed-ae09-12de5a351276,535,2023-05-09T06:25:52.611556+01:00,barcode08,rabv_ea,11923,10164,10576,380,401,RABV_EA
9ec834e3-5014-46e3-883f-ef6c6be04c13,898,2023-05-09T06:25:52.611556+01:00,barcode08,?,11923,0,0,375,400,?
1015b4f5-b641-4f34-bbca-31c92e4dc04f,480,2023-05-09T06:25:52.611556+01:00,barcode08,rabv_ea,11923,2733,3133,366,391,RABV_EA
7a85987e-17d9-4204-8e06-eea6e6203457,378,2023-05-09T06:25:51.611556+01:00,barcode08,rabv_ea,11923,10286,10576,264,286,RABV_EA
68b21b0d-a6ca-4a3d-94ef-566cc5f2cd16,531,2023-05-09T06:26:33.611556+01:00,barcode08,rabv_ea,11923,9858,10263,387,398,RABV_EA
2c023606-94ed-4cad-bd26-9b9ae844ab9d,1103,2023-05-09T06:26:29.611556+01:00,barcode08,?,11923,0,0,352,365,?
a2f0ff60-b870-45d9-a30e-1ee01768aad1,198,2023-05-09T06:25:58.611556+01:00,barcode08,?,11923,0,0,83,86,?
9f81438a-c9ed-4ef9-ace0-4b6e3b90e2fa,608,2023-05-09T06:25:53.611556+01:00,barcode08,?,11923,0,0,366,391,?
40785109-7cc2-43c5-bb8a-20d8423b581c,1274,2023-05-09T06:27:10.611556+01:00,barcode08,?,11923,0,0,366,383,?
563eef6b-34e9-42e0-9893-8af7a59fbfc1,937,2023-05-09T06:27:09.611556+01:00,barcode08,?,11923,0,0,386,397,?
6de799f0-58b0-44c1-9a8f-07ba4efd9ba3,438,2023-05-09T06:27:12.611556+01:00,barcode08,rabv_ea,11923,9863,10247,338,351,RABV_EA
db02ee4e-5752-40a2-9257-6c6f531399f0,853,2023-05-09T06:27:08.611556+01:00,barcode08,?,11923,0,0,362,403,?
2003694c-5d8b-4892-8fdf-1c6631c80ef7,471,2023-05-09T06:27:10.611556+01:00,barcode08,rabv_ea,11923,322,687,335,355,RABV_EA
d17cff23-031e-4ff9-9d22-2cafb7f2888e,921,2023-05-09T06:27:08.611556+01:00,barcode08,?,11923,0,0,386,398,?
e2e3d0b0-0425-4436-9d07-1392575c45ce,502,2023-05-09T06:25:54.611556+01:00,barcode08,rabv_ea,11923,319,709,357,374,RABV_EA
36121207-eae8-4080-9895-1ddd2f30a170,1321,2023-05-09T06:25:53.611556+01:00,barcode08,?,11923,0,0,397,409,?
01f4c480-cdb5-4f91-b4d7-4c15cdeed959,479,2023-05-09T06:27:04.611556+01:00,barcode08,rabv_ea,11923,10170,10558,338,375,RABV_EA
71fbddf0-1d03-4c9b-9649-b74d21d20f2d,884,2023-05-09T06:25:50.611556+01:00,barcode08,?,11923,0,0,346,365,?
7b4409f4-484c-4083-a498-f3e06eaddea2,524,2023-05-09T06:25:53.611556+01:00,barcode08,rabv_ea,11923,10170,10576,353,385,RABV_EA
59f623f1-7599-4274-a568-b671f03ab6ab,165,2023-05-09T06:27:02.611556+01:00,barcode08,rabv_ea,11923,2179,2241,60,62,RABV_EA
a67b6c35-1962-42dc-83d4-ec9d21c2a391,513,2023-05-09T06:26:33.611556+01:00,barcode08,rabv_ea,11923,10164,10576,363,395,RABV_EA
7114bf03-56d1-4c06-9292-3b42f454f556,264,2023-05-09T06:27:12.611556+01:00,barcode08,*,0,0,0,0,0,*
982ff9b4-76ef-4119-9cee-21b366411d48,924,2023-05-09T06:26:31.611556+01:00,barcode08,?,11923,0,0,356,377,?
5314715d-c2cc-40c9-a668-c69289d087f9,388,2023-05-09T06:27:07.611556+01:00,barcode08,rabv_ea,11923,10796,11052,233,252,RABV_EA
320a2867-2eac-4499-a1e7-fec6e150ae36,465,2023-05-09T06:27:05.611556+01:00,barcode08,rabv_ea,11923,6424,6820,343,375,RABV_EA
4b6cfcf6-3bae-4af2-9217-6a6cb4022ae5,523,2023-05-09T06:27:07.611556+01:00,barcode08,rabv_ea,11923,11097,11494,359,388,RABV_EA
31614430-4168-48ba-ac61-ae4d128fbae4,895,2023-05-09T06:27:09.611556+01:00,barcode08,?,11923,0,0,388,399,?
5a37df77-6451-4e16-ab4b-771e24ec31f7,413,2023-05-09T06:27:09.611556+01:00,barcode08,rabv_ea,11923,1865,2215,322,338,RABV_EA
c752a7a1-5d5c-4dfe-a1cb-1632328f181d,542,2023-05-09T06:26:30.611556+01:00,barcode08,rabv_ea,11923,10164,10576,368,396,RABV_EA
62041ee2-9ab4-44ac-b253-5a8c2e111a14,459,2023-05-09T06:26:07.611556+01:00,barcode08,rabv_ea,11923,1879,2264,363,383,RABV_EA
acfab6ff-f20b-4820-a50b-127918c5a20a,638,2023-05-09T06:26:09.611556+01:00,barcode08,?,11923,0,0,371,394,?
4f3acf40-11da-4a17-bfe8-22eb20203d8b,750,2023-05-09T06:26:50.611556+01:00,barcode08,rabv_ea,11923,6424,6826,382,394,RABV_EA
6ef22b4a-9d23-42f0-b397-fe48057f8fda,822,2023-05-09T06:26:50.611556+01:00,barcode08,?,11923,0,0,340,367,?
50292378-ab1e-4799-85a6-e1b5a15e02bc,951,2023-05-09T06:26:06.611556+01:00,barcode08,?,11923,0,0,363,381,?
73d9d5b6-7c5b-4b55-9f2b-919396dc8bec,854,2023-05-09T06:27:04.611556+01:00,barcode08,?,11923,0,0,364,381,?
2d33858c-c37f-4c1e-b8cc-a141d795fa4f,480,2023-05-09T06:26:50.611556+01:00,barcode08,rabv_ea,11923,11407,11793,350,378,RABV_EA
054867a7-df7b-4769-b84d-87e2555f34e5,527,2023-05-09T06:26:50.611556+01:00,barcode08,rabv_ea,11923,10170,10573,366,394,RABV_EA
54420740-5a35-4608-94ec-b0c252b591dc,485,2023-05-09T06:27:20.611556+01:00,barcode08,rabv_ea,11923,2737,3133,373,385,RABV_EA
c0c16ee7-6dd7-434f-b1a7-d6ccec5d86a3,506,2023-05-09T06:27:21.611556+01:00,barcode08,rabv_ea,11923,1864,2264,362,382,RABV_EA
7fc888dc-c6e8-48e2-b2ef-ae18ce77198d,643,2023-05-09T06:26:10.611556+01:00,barcode08,rabv_ea,11923,939,1313,335,359,RABV_EA
5f5b0116-4a5f-474e-920e-d8bb02e46d3d,405,2023-05-09T06:26:51.611556+01:00,barcode08,rabv_ea,11923,4985,5284,270,292,RABV_EA
a50af1a4-98a6-41db-85ef-ec019c56e39a,532,2023-05-09T06:26:08.611556+01:00,barcode08,rabv_ea,11923,4626,5049,383,411,RABV_EA
5ec62b3b-b53a-43ce-9342-dc8c034ca74e,543,2023-05-09T06:26:47.611556+01:00,barcode08,rabv_ea,11923,6424,6824,377,391,RABV_EA
f40073ff-cae4-4304-b32a-6c7f0d0f6012,502,2023-05-09T06:26:48.611556+01:00,barcode08,rabv_ea,11923,1887,2264,334,354,RABV_EA
efa4c256-1cd2-47f9-8f6e-fcfd44491365,461,2023-05-09T06:26:50.611556+01:00,barcode08,rabv_ea,11923,10170,10561,349,375,RABV_EA
7e279f8c-fafc-4df7-98e4-84332c88edad,1809,2023-05-09T06:27:17.611556+01:00,barcode08,?,11923,0,0,366,391,?
8ccd3dc5-bdca-4f05-807a-104bdd682a14,548,2023-05-09T06:26:51.611556+01:00,barcode08,rabv_ea,11923,10164,10573,362,393,RABV_EA
c7ca8377-6dcd-4e8b-9512-88c27e974751,470,2023-05-09T06:26:48.611556+01:00,barcode08,rabv_ea,11923,73,459,347,378,RABV_EA
556abaf4-a132-4f35-860e-0589b0007d5c,468,2023-05-09T06:26:07.611556+01:00,barcode08,rabv_ea,11923,80,442,334,350,RABV_EA
49a58673-4aa5-4ea6-a054-5489731479b0,1282,2023-05-09T06:26:45.611556+01:00,barcode08,?,11923,0,0,401,409,?
443f9f4e-a6c5-4f97-9d4f-26e2d008eabe,468,2023-05-09T06:27:20.611556+01:00,barcode08,rabv_ea,11923,9879,10246,329,348,RABV_EA
efa67981-59d8-4188-a010-d6ffeb6d21b1,458,2023-05-09T06:26:49.611556+01:00,barcode08,rabv_ea,11923,319,686,326,354,RABV_EA
6e722b2d-ac38-49ef-9d77-347ab280b75c,722,2023-05-09T06:27:30.611556+01:00,barcode08,?,11923,0,0,319,335,?
fa94fb77-2b16-431d-bc3c-530543aaf3eb,1386,2023-05-09T06:27:29.611556+01:00,barcode08,?,11923,0,0,384,409,?
bf0d7a22-4b4b-4ac5-872c-53036f375f89,309,2023-05-09T06:27:34.611556+01:00,barcode08,rabv_ea,11923,9709,9940,213,225,RABV_EA
9092aca8-799e-44f9-bb8c-d55e39adef60,501,2023-05-09T06:26:46.611556+01:00,barcode08,rabv_ea,11923,1864,2263,337,374,RABV_EA
0485d674-0d9e-4da1-96b6-72bf7a37efc1,542,2023-05-09T06:26:31.611556+01:00,barcode08,rabv_ea,11923,10164,10570,374,400,RABV_EA
49de5236-7605-4319-b4f1-50b1aead3966,913,2023-05-09T06:26:30.611556+01:00,barcode08,?,11923,0,0,382,399,?
e7d9acc4-813a-4969-a02a-0a55fc34d338,424,2023-05-09T06:27:24.611556+01:00,barcode08,rabv_ea,11923,318,669,305,324,RABV_EA
f46d43a4-7cdf-4d9c-8d4d-0f26693aecee,553,2023-05-09T06:26:08.611556+01:00,barcode08,rabv_ea,11923,6424,6827,370,390,RABV_EA
30a342ac-a3dd-4866-a7a5-edd5722198dd,515,2023-05-09T06:26:48.611556+01:00,barcode08,rabv_ea,11923,319,713,363,386,RABV_EA
b9bba91c-1ca1-4b01-94fc-544cc21e6e51,456,2023-05-09T06:26:09.611556+01:00,barcode08,rabv_ea,11923,11111,11494,362,377,RABV_EA
90e2b4a8-8434-46f5-bf1b-2f9830658725,473,2023-05-09T06:26:11.611556+01:00,barcode08,rabv_ea,11923,9851,10247,373,389,RABV_EA
a0bc22ae-d159-4874-a39f-2bde9b6fbbaf,1571,2023-05-09T06:26:49.611556+01:00,barcode08,?,11923,0,0,356,375,?
81fef7f2-4006-4dcc-84bd-7fccc9522332,506,2023-05-09T06:27:32.611556+01:00,barcode08,rabv_ea,11923,10171,10576,366,391,RABV_EA
83d3a671-66bb-4b1f-92ab-fc5612edb636,528,2023-05-09T06:27:23.611556+01:00,barcode08,rabv_ea,11923,10164,10570,375,395,RABV_EA
d4c655b1-53bd-4af7-9067-dda79044bc5f,1293,2023-05-09T06:26:44.611556+01:00,barcode08,?,11923,0,0,361,389,?
8f2f59b9-4342-4049-800f-943d1a037599,484,2023-05-09T06:27:28.611556+01:00,barcode08,rabv_ea,11923,69,459,367,386,RABV_EA
21d117f2-70a2-49c5-b5ad-b8187a6b7fa7,404,2023-05-09T06:27:35.611556+01:00,barcode08,rabv_ea,11923,8995,9325,313,318,RABV_EA
e1c78f9f-3935-4c8b-8ac5-cefcce8fd06f,510,2023-05-09T06:27:15.611556+01:00,barcode08,rabv_ea,11923,9851,10254,360,379,RABV_EA
fdaeb6a7-3fbf-4d7e-b1e6-f01fa81d2a8d,364,2023-05-09T06:26:05.611556+01:00,barcode08,?,11923,0,0,137,145,?
c377e566-cb75-45fc-91fd-1e5ff2dfa908,479,2023-05-09T06:27:26.611556+01:00,barcode08,rabv_ea,11923,2748,3150,377,391,RABV_EA
96504168-223c-4766-9d49-458384a927be,1293,2023-05-09T06:27:24.611556+01:00,barcode08,?,11923,0,0,383,403,?
6a22cd34-6e34-4cc8-92f7-85b582e11f2d,870,2023-05-09T06:27:22.611556+01:00,barcode08,?,11923,0,0,363,384,?
3bd5d39d-b115-4a46-a79b-a1fa615a2f88,885,2023-05-09T06:26:03.611556+01:00,barcode08,?,11923,0,0,357,385,?
1545803c-87a0-49a6-a93c-9ab769fca001,439,2023-05-09T06:26:04.611556+01:00,barcode08,rabv_ea,11923,942,1321,336,358,RABV_EA
5a11df70-b91e-4945-bf68-9a1e755d72ad,444,2023-05-09T06:27:43.611556+01:00,barcode08,rabv_ea,11923,11109,11494,348,368,RABV_EA
29d67d16-19ad-40c2-a0ae-177093d27a71,473,2023-05-09T06:27:40.611556+01:00,barcode08,rabv_ea,11923,5196,5594,368,389,RABV_EA
cf5d19ff-3708-42a5-89d6-cb8b7dd75be5,455,2023-05-09T06:27:05.611556+01:00,barcode08,rabv_ea,11923,9851,10248,378,389,RABV_EA
9c1d3138-adc4-4108-b329-b94cc0832ae5,328,2023-05-09T06:26:04.611556+01:00,barcode08,?,11923,0,0,101,104,?
c7ecceaf-e10c-44f6-b75e-ecf5dcf2dc01,430,2023-05-09T06:26:03.611556+01:00,barcode08,rabv_ea,11923,10164,10426,244,257,RABV_EA
7e360985-f163-4ea4-9620-d1b32c31938c,518,2023-05-09T06:26:06.611556+01:00,barcode08,rabv_ea,11923,319,706,351,372,RABV_EA
9250c256-60d4-4dae-8b71-8946ec24e64d,861,2023-05-09T06:27:23.611556+01:00,barcode08,?,11923,0,0,351,368,?
2625c78a-b87e-46c3-a6e0-1ae61439f00c,1839,2023-05-09T06:27:21.611556+01:00,barcode08,?,11923,0,0,360,377,?
ad425966-f5dd-4850-bf06-1f912be71036,522,2023-05-09T06:27:23.611556+01:00,barcode08,rabv_ea,11923,319,696,341,366,RABV_EA
7af7e6dd-a106-4702-af0c-b5e468720484,379,2023-05-09T06:27:17.611556+01:00,barcode08,*,0,0,0,0,0,*
b8946338-b777-43fe-8313-f2761e59f584,1353,2023-05-09T06:26:01.611556+01:00,barcode08,?,11923,0,0,383,405,?
36028703-6851-4560-b924-40fc857eb1f3,220,2023-05-09T06:27:17.611556+01:00,barcode08,*,0,0,0,0,0,*
b43f3420-5d47-45f5-9d0f-40fbe55f055d,541,2023-05-09T06:26:04.611556+01:00,barcode08,?,11923,0,0,170,177,?
7c77e43f-477b-4118-b026-fe584a79f46e,470,2023-05-09T06:27:16.611556+01:00,barcode08,rabv_ea,11923,4626,5036,372,397,RABV_EA
6bf68ad3-8b34-40ac-9d7f-87064fe77a47,866,2023-05-09T06:27:27.611556+01:00,barcode08,?,11923,0,0,366,389,?
8721f813-2c09-4f6f-8a87-923005736601,515,2023-05-09T06:26:26.611556+01:00,barcode08,rabv_ea,11923,10164,10576,368,400,RABV_EA
cd81a2d2-cba2-4f51-b9a4-de0916c2dd39,2149,2023-05-09T06:27:22.611556+01:00,barcode08,?,11923,0,0,383,401,?
f7e2deda-3804-40f8-9ce4-c33b3cea460b,851,2023-05-09T06:27:25.611556+01:00,barcode08,?,11923,0,0,363,387,?
809d643f-d1cc-4ff5-991a-9916ca709e52,443,2023-05-09T06:26:04.611556+01:00,barcode08,rabv_ea,11923,5855,6223,331,350,RABV_EA
0eb4679f-be6a-4033-9f16-0cd2fe1c1484,468,2023-05-09T06:26:28.611556+01:00,barcode08,rabv_ea,11923,11392,11782,372,386,RABV_EA
feabbba2-11b0-4111-8758-ad050eff7e55,477,2023-05-09T06:27:32.611556+01:00,barcode08,rabv_ea,11923,3062,3457,371,384,RABV_EA
25499394-0d9d-454b-9c3b-da7ada057b14,453,2023-05-09T06:27:35.611556+01:00,barcode08,rabv_ea,11923,11112,11494,348,366,RABV_EA
f9bbd13a-f792-48d9-9bfb-8b9a316a21d6,521,2023-05-09T06:27:32.611556+01:00,barcode08,rabv_ea,11923,10180,10573,339,374,RABV_EA
95ff2470-030f-4493-8d83-ed74100e46ac,459,2023-05-09T06:26:29.611556+01:00,barcode08,rabv_ea,11923,943,1324,337,365,RABV_EA
d25bd59c-2e80-42e6-8040-8d4d39a5e832,1261,2023-05-09T06:27:25.611556+01:00,barcode08,?,11923,0,0,358,373,?
93e5ab8e-7055-473a-8662-54580cb1bb29,276,2023-05-09T06:26:29.611556+01:00,barcode08,*,0,0,0,0,0,*
e9934b4f-d33d-4ac7-99b3-b7b46913af24,1664,2023-05-09T06:27:35.611556+01:00,barcode08,?,11923,0,0,388,403,?
e4fe4a53-e4d7-4cc3-ac9f-295f69be5939,459,2023-05-09T06:27:38.611556+01:00,barcode08,rabv_ea,11923,11391,11759,317,339,RABV_EA
4268c66c-fb72-407f-982b-12753d7bf731,821,2023-05-09T06:27:29.611556+01:00,barcode08,?,11923,0,0,355,372,?
ef3dc9d8-e1dc-4f63-acd3-1b946df54956,452,2023-05-09T06:27:29.611556+01:00,barcode08,rabv_ea,11923,11128,11492,337,351,RABV_EA
8385cf3c-31cc-4e5a-83e3-b5d3e4d70d69,461,2023-05-09T06:27:05.611556+01:00,barcode08,rabv_ea,11923,10164,10558,350,383,RABV_EA
5ced0e35-4192-40c4-b707-797c91d603f4,454,2023-05-09T06:27:05.611556+01:00,barcode08,rabv_ea,11923,10292,10528,218,233,RABV_EA
14391da9-a31f-499e-9890-46514d4e1f9d,1300,2023-05-09T06:27:03.611556+01:00,barcode08,?,11923,0,0,367,392,?
941bad93-1e82-43ef-a188-2ef34db12e08,452,2023-05-09T06:27:06.611556+01:00,barcode08,rabv_ea,11923,1864,2248,352,370,RABV_EA
da0e09ce-ee13-4c74-86cf-3ab0df97f55d,472,2023-05-09T06:27:27.611556+01:00,barcode08,rabv_ea,11923,10170,10562,340,371,RABV_EA
175e08ba-0359-470e-9279-b1299e5b0f47,874,2023-05-09T06:28:00.611556+01:00,barcode08,?,11923,0,0,400,407,?
231f3ab6-2091-45d7-ae5d-45e81d4f2f6a,866,2023-05-09T06:28:03.611556+01:00,barcode08,?,11923,0,0,373,392,?
710b2214-a9a8-4f72-b01d-e8b15d39c743,543,2023-05-09T06:28:05.611556+01:00,barcode08,rabv_ea,11923,10164,10576,374,402,RABV_EA
29f027c4-db66-40bf-8b00-36c00d247f12,480,2023-05-09T06:27:49.611556+01:00,barcode08,rabv_ea,11923,2735,3135,379,392,RABV_EA
5092916c-1ead-4bdb-8cbd-c545107e1e6f,225,2023-05-09T06:27:39.611556+01:00,barcode08,*,0,0,0,0,0,*
5a8a5040-f1ff-4e67-9eb5-3ef51bc86cff,469,2023-05-09T06:26:12.611556+01:00,barcode08,rabv_ea,11923,4633,5036,370,390,RABV_EA
d6e01168-9cec-4192-8ff2-b329d9ae1231,1198,2023-05-09T06:27:34.611556+01:00,barcode08,?,11923,0,0,354,376,?
85454ac1-f917-4361-94b3-4418949da015,500,2023-05-09T06:27:51.611556+01:00,barcode08,rabv_ea,11923,10164,10576,358,391,RABV_EA
e3a55869-b32a-4cc4-8d35-b1dc0968b21b,522,2023-05-09T06:26:40.611556+01:00,barcode08,rabv_ea,11923,10164,10575,367,396,RABV_EA
56a2d7d9-b155-4c7f-97e2-19da49c6c71c,961,2023-05-09T06:27:35.611556+01:00,barcode08,?,11923,0,0,357,369,?
bddfe940-e25d-4786-bacb-40f0325579a4,529,2023-05-09T06:27:53.611556+01:00,barcode08,rabv_ea,11923,9866,10249,353,372,RABV_EA
7e29e959-4c66-45b0-a404-05a3216d4115,457,2023-05-09T06:27:37.611556+01:00,barcode08,rabv_ea,11923,4633,5036,344,379,RABV_EA
25c0ff06-0d98-4d79-bf2d-865fc41f1c03,445,2023-05-09T06:26:38.611556+01:00,barcode08,rabv_ea,11923,6446,6819,328,348,RABV_EA
b81b02cc-bd96-4a10-93cb-9dfedf74fa27,529,2023-05-09T06:26:40.611556+01:00,barcode08,rabv_ea,11923,1864,2264,369,385,RABV_EA
3faa3930-d128-4456-b0b8-40d3d5550df6,441,2023-05-09T06:27:39.611556+01:00,barcode08,*,0,0,0,0,0,*
981b4e87-6537-4c8a-b0b0-a07d87725d5f,496,2023-05-09T06:27:55.611556+01:00,barcode08,rabv_ea,11923,1864,2264,363,382,RABV_EA
503933bc-d72a-40fa-a95b-e5163e903704,552,2023-05-09T06:28:19.611556+01:00,barcode08,rabv_ea,11923,10164,10570,364,392,RABV_EA
0197ced0-fd92-4be5-b134-617f3cac4883,463,2023-05-09T06:26:36.611556+01:00,barcode08,rabv_ea,11923,11407,11796,358,379,RABV_EA
1ca8115e-1551-416f-b898-522664bc4413,472,2023-05-09T06:26:35.611556+01:00,barcode08,rabv_ea,11923,10167,10562,357,386,RABV_EA
e6ee2a2a-95d1-4d9b-ac75-b47b1ed75d1b,862,2023-05-09T06:28:12.611556+01:00,barcode08,?,11923,0,0,371,393,?
dcc38dff-b4c1-41e8-9351-c043fa132deb,604,2023-05-09T06:27:50.611556+01:00,barcode08,rabv_ea,11923,5196,5609,377,399,RABV_EA
59f8531f-f391-4c66-91fb-147234689c3f,819,2023-05-09T06:27:50.611556+01:00,barcode08,?,11923,0,0,243,253,?
d1bb0301-d2dc-4ef4-b716-dd31ab6fe053,846,2023-05-09T06:26:55.611556+01:00,barcode08,?,11923,0,0,374,394,?
95b22aae-b805-47d2-a9a8-ab556fab8d64,526,2023-05-09T06:27:49.611556+01:00,barcode08,rabv_ea,11923,10164,10576,356,399,RABV_EA
9d642f7a-94e9-4fba-b51d-0de2ea94af0e,538,2023-05-09T06:27:54.611556+01:00,barcode08,rabv_ea,11923,9876,10263,356,375,RABV_EA
6cd9f0e7-e62f-4635-9991-a4e7d9a2ed19,867,2023-05-09T06:28:15.611556+01:00,barcode08,?,11923,0,0,374,395,?
3768ea9c-20f6-48f5-aa6d-88a4a54a5152,537,2023-05-09T06:27:52.611556+01:00,barcode08,rabv_ea,11923,3383,3791,381,398,RABV_EA
91c6dfa1-516c-4065-8575-fde7cd44dd0d,464,2023-05-09T06:27:38.611556+01:00,barcode08,rabv_ea,11923,6424,6819,356,378,RABV_EA
d3637760-bea2-4b92-a736-058e53143c87,858,2023-05-09T06:27:56.611556+01:00,barcode08,?,11923,0,0,377,393,?
5934f0db-bd74-4293-9faa-bf99e00385c7,567,2023-05-09T06:28:06.611556+01:00,barcode08,rabv_ea,11923,10164,10580,368,398,RABV_EA
52cbef0f-c0fc-4daf-ad75-40a5aa01aba4,274,2023-05-09T06:27:59.611556+01:00,barcode08,rabv_ea,11923,3062,3252,178,186,RABV_EA
2e06446f-cf14-4517-b619-5ebef24e90f0,883,2023-05-09T06:27:45.611556+01:00,barcode08,?,11923,0,0,374,391,?
1ea77aa0-dcee-4d71-b145-d53e4419e13b,518,2023-05-09T06:28:17.611556+01:00,barcode08,rabv_ea,11923,10171,10576,356,383,RABV_EA
32051e9f-9167-4a46-9bb2-8a65f0bd80a6,832,2023-05-09T06:28:17.611556+01:00,barcode08,?,11923,0,0,318,334,?
ba56b9db-4f53-46ca-8056-ffc54e06aef7,494,2023-05-09T06:26:56.611556+01:00,barcode08,rabv_ea,11923,319,709,366,376,RABV_EA
9bffd599-1668-4abe-b9c6-02123883b414,547,2023-05-09T06:28:19.611556+01:00,barcode08,rabv_ea,11923,3472,3791,298,308,RABV_EA
33b9263f-16d4-4067-9caf-f6a93752afd8,968,2023-05-09T06:27:58.611556+01:00,barcode08,?,11923,0,0,344,366,?
939bb0cb-bb10-4ed9-9724-ab2b4308ce69,446,2023-05-09T06:27:59.611556+01:00,barcode08,rabv_ea,11923,11392,11782,358,371,RABV_EA
750708bc-5a09-4771-a572-4772a061e1c5,1665,2023-05-09T06:27:49.611556+01:00,barcode08,?,11923,0,0,394,409,?
8e8f3bf3-de28-4e65-84ef-1ca2b3e36d89,500,2023-05-09T06:27:00.611556+01:00,barcode08,rabv_ea,11923,11109,11453,309,321,RABV_EA
16b6dd46-8d2f-4db0-9d5b-fbb8d43bc7b2,594,2023-05-09T06:28:06.611556+01:00,barcode08,rabv_ea,11923,10164,10566,365,395,RABV_EA
fce3b10b-e287-4b58-9031-c8dd78e4b025,930,2023-05-09T06:28:05.611556+01:00,barcode08,?,11923,0,0,387,401,?
911260b1-cc05-4666-a68e-ab104da1ca53,685,2023-05-09T06:28:07.611556+01:00,barcode08,?,11923,0,0,347,372,?
447c2500-3ed3-4415-9282-be464b515ff2,891,2023-05-09T06:26:59.611556+01:00,barcode08,?,11923,0,0,372,391,?
68fb921b-7bd2-45b9-b5c4-0b73a0f633ce,712,2023-05-09T06:27:00.611556+01:00,barcode08,?,11923,0,0,367,396,?
67b91084-5503-49ea-b0ce-1e7fc7053773,474,2023-05-09T06:27:01.611556+01:00,barcode08,rabv_ea,11923,9878,10263,366,380,RABV_EA
7646074d-79b3-46e1-8654-f8f2a306dc60,931,2023-05-09T06:28:20.611556+01:00,barcode08,?,11923,0,0,368,388,?
1cca41d0-9969-4f7f-a70b-d57fbefdedc4,513,2023-05-09T06:28:07.611556+01:00,barcode08,rabv_ea,11923,1864,2264,363,385,RABV_EA
56ab59be-66d0-48be-8043-dca903d8d790,474,2023-05-09T06:27:03.611556+01:00,barcode08,rabv_ea,11923,11410,11796,361,377,RABV_EA
5203f74d-264e-4277-b044-55667c97c505,526,2023-05-09T06:27:00.611556+01:00,barcode08,rabv_ea,11923,10164,10576,360,392,RABV_EA
1651f777-b567-403b-b558-cf893b6a5d23,459,2023-05-09T06:28:24.611556+01:00,barcode08,rabv_ea,11923,8941,9325,366,376,RABV_EA
08ba1184-1f78-4881-ab58-111ffc97955d,391,2023-05-09T06:28:15.611556+01:00,barcode08,rabv_ea,11923,10231,10576,299,325,RABV_EA
9752bd10-ba2f-40dc-b6c8-8ab52b6cd422,630,2023-05-09T06:28:22.611556+01:00,barcode08,?,11923,0,0,365,384,?
fc707ec9-360d-42f5-ba7b-5ff017885e6c,438,2023-05-09T06:26:57.611556+01:00,barcode08,rabv_ea,11923,947,1322,325,347,RABV_EA
e01d99c9-04e2-46b2-9e90-68e9e9aaee39,454,2023-05-09T06:26:58.611556+01:00,barcode08,rabv_ea,11923,6424,6815,365,382,RABV_EA
57b55766-e412-47bb-ac9c-01c54e1808d2,445,2023-05-09T06:27:02.611556+01:00,barcode08,rabv_ea,11923,939,1319,351,368,RABV_EA
cd30f968-d8c7-457c-b320-5fc16fc0ec49,535,2023-05-09T06:27:00.611556+01:00,barcode08,rabv_ea,11923,10164,10572,359,394,RABV_EA
d1a85968-90e4-41d9-b6bd-0454bb29d6cf,449,2023-05-09T06:28:01.611556+01:00,barcode08,rabv_ea,11923,1864,2247,354,370,RABV_EA
e2346a9f-46ff-4bd8-b81a-be8da3f684bb,314,2023-05-09T06:28:19.611556+01:00,barcode08,rabv_ea,11923,9707,9926,204,215,RABV_EA
e5a3b418-fb04-4430-a53b-ae0247786100,531,2023-05-09T06:28:24.611556+01:00,barcode08,rabv_ea,11923,10164,10576,361,394,RABV_EA
a102e7ea-9e13-4c36-a5b4-a2775b3c52fd,452,2023-05-09T06:28:26.611556+01:00,barcode08,rabv_ea,11923,319,696,349,372,RABV_EA
a5d10326-3bee-49fd-982c-ba0ff7e74674,499,2023-05-09T06:28:26.611556+01:00,barcode08,rabv_ea,11923,9853,10263,359,373,RABV_EA
42db4cb4-c80e-450f-9077-ec798472d127,451,2023-05-09T06:28:27.611556+01:00,barcode08,rabv_ea,11923,11407,11794,357,375,RABV_EA
eb233000-37a0-4953-9581-b190b4783cde,894,2023-05-09T06:28:24.611556+01:00,barcode08,?,11923,0,0,367,383,?
27dc0560-dc3a-494c-9e8f-ad67037f4da5,482,2023-05-09T06:28:21.611556+01:00,barcode08,rabv_ea,11923,2735,3134,378,396,RABV_EA
c97fc1b4-50b9-4d51-b693-c4ff2c7d2ebe,482,2023-05-09T06:28:30.611556+01:00,barcode08,rabv_ea,11923,4626,5038,382,407,RABV_EA
8dde192d-d8f9-42b2-be0e-47aae28b8f3a,462,2023-05-09T06:28:29.611556+01:00,barcode08,rabv_ea,11923,3062,3455,355,378,RABV_EA
e735bf78-1747-423f-887d-b7c7ce97976c,1284,2023-05-09T06:28:16.611556+01:00,barcode08,?,11923,0,0,362,387,?
70d6c8f3-e41d-40fe-a3b9-fb069a8b2ced,532,2023-05-09T06:26:54.611556+01:00,barcode08,rabv_ea,11923,10164,10562,342,378,RABV_EA
db30f71f-f2d2-41e9-89e9-c6b3940352ea,580,2023-05-09T06:28:40.611556+01:00,barcode08,rabv_ea,11923,8927,9336,364,391,RABV_EA
d39f1e67-181c-4c3a-93bd-be167764245a,470,2023-05-09T06:28:24.611556+01:00,barcode08,rabv_ea,11923,2737,3135,366,377,RABV_EA
3d4e1434-64ca-4c0b-956b-dd22ac341854,865,2023-05-09T06:28:24.611556+01:00,barcode08,?,11923,0,0,331,361,?
9ecd9b54-af7b-4e80-9ca9-32d684f88c70,528,2023-05-09T06:28:30.611556+01:00,barcode08,rabv_ea,11923,10164,10576,368,396,RABV_EA
c750306d-b8aa-4999-b016-e055de8994b9,498,2023-05-09T06:28:29.611556+01:00,barcode08,rabv_ea,11923,4634,5051,368,407,RABV_EA
731a74d2-ff0a-483b-b538-d5fcc73db8a4,403,2023-05-09T06:28:28.611556+01:00,barcode08,rabv_ea,11923,1936,2236,258,281,RABV_EA
c04eaa8e-fa78-4632-a2c2-1806c2e591dc,334,2023-05-09T06:26:13.611556+01:00,barcode08,*,0,0,0,0,0,*
3e98d46b-8a6e-47a4-8089-71cb3dbaac68,870,2023-05-09T06:26:11.611556+01:00,barcode08,?,11923,0,0,381,398,?
0faa883f-be99-4210-9385-62db71317093,502,2023-05-09T06:26:34.611556+01:00,barcode08,rabv_ea,11923,9861,10263,368,391,RABV_EA
3b1ffa67-9ab2-47be-91e8-273498d1c8b5,454,2023-05-09T06:26:34.611556+01:00,barcode08,rabv_ea,11923,1864,2247,357,376,RABV_EA
ea59ab7c-746c-49f9-b3e9-effabb6ef930,1280,2023-05-09T06:28:26.611556+01:00,barcode08,?,11923,0,0,375,386,?
1ee4fcd0-7df8-4db0-b671-1d19f63efa22,504,2023-05-09T06:28:22.611556+01:00,barcode08,rabv_ea,11923,1873,2251,351,367,RABV_EA
edceb9af-8054-452d-b4bc-cfe7092ba74c,557,2023-05-09T06:27:19.611556+01:00,barcode08,rabv_ea,11923,4626,5047,388,417,RABV_EA
b7564c54-2ae4-4d3a-a02a-752f12de99e0,460,2023-05-09T06:28:10.611556+01:00,barcode08,rabv_ea,11923,11113,11473,334,351,RABV_EA
653fb6c8-b15f-460d-82eb-bb10374d0487,471,2023-05-09T06:28:34.611556+01:00,barcode08,rabv_ea,11923,10164,10564,362,393,RABV_EA
4b07eb04-4f5c-41f0-a8ed-a9f42064cedc,816,2023-05-09T06:28:40.611556+01:00,barcode08,?,11923,0,0,353,374,?
85c7748b-884b-4e4f-a5c3-788214a306c5,457,2023-05-09T06:28:30.611556+01:00,barcode08,rabv_ea,11923,11110,11494,366,378,RABV_EA
6765b9bd-dc4a-477c-a03b-dbf5e97fd716,551,2023-05-09T06:28:34.611556+01:00,barcode08,rabv_ea,11923,10164,10576,375,401,RABV_EA
efad2732-21a6-4e72-a383-a84f68a353e3,381,2023-05-09T06:28:35.611556+01:00,barcode08,rabv_ea,11923,9036,9305,240,251,RABV_EA
7e7b894f-785b-476b-98c1-edccb6fefaee,390,2023-05-09T06:28:22.611556+01:00,barcode08,rabv_ea,11923,2708,2846,113,119,RABV_EA
c5665fad-70af-4e9a-b2dc-102b7de2dd1f,453,2023-05-09T06:27:20.611556+01:00,barcode08,rabv_ea,11923,11407,11779,329,349,RABV_EA
586ed321-f25b-4fdf-8e7a-f8dc12993f91,509,2023-05-09T06:26:31.611556+01:00,barcode08,rabv_ea,11923,9849,10263,391,403,RABV_EA
d0f81cad-2967-47df-99a8-ba68bd6b290c,524,2023-05-09T06:27:19.611556+01:00,barcode08,rabv_ea,11923,10164,10569,362,394,RABV_EA
c9cf58ce-49bc-4a65-bb68-ae9dbbea8a23,914,2023-05-09T06:27:19.611556+01:00,barcode08,?,11923,0,0,385,402,?
a1265b90-aef7-4ee1-afce-6da697bdae2c,248,2023-05-09T06:28:38.611556+01:00,barcode08,rabv_ea,11923,2717,2831,109,110,RABV_EA
b173218f-d7cf-4376-81a4-454f18af5e4a,538,2023-05-09T06:28:29.611556+01:00,barcode08,rabv_ea,11923,10164,10576,366,400,RABV_EA
49eedbcf-89f5-4d4b-9632-9f2937d5168f,498,2023-05-09T06:28:44.611556+01:00,barcode08,rabv_ea,11923,10164,10490,273,298,RABV_EA
699f351f-421f-4cc9-a094-57a835ead61d,469,2023-05-09T06:25:17.611556+01:00,barcode08,rabv_ea,11923,11416,11785,332,354,RABV_EA
15a23acb-e68f-42bb-9214-0b995c5bdcae,250,2023-05-09T06:28:32.611556+01:00,barcode08,rabv_ea,11923,11392,11571,164,171,RABV_EA
80f66d86-b85b-4ddf-a3db-98c75555a8fe,253,2023-05-09T06:26:31.611556+01:00,barcode08,rabv_ea,11923,9247,9325,74,76,RABV_EA
24a4dcac-fa60-481c-a286-24b1f7e955fc,2002,2023-05-09T06:25:15.611556+01:00,barcode08,?,11923,0,0,928,1085,?
b8ab8e56-430e-4ccf-838e-2fa9c520fa01,527,2023-05-09T06:27:29.611556+01:00,barcode08,rabv_ea,11923,10168,10576,371,394,RABV_EA
8bc38b53-57bc-480c-be7d-b6c63c517f2c,849,2023-05-09T06:27:19.611556+01:00,barcode08,?,11923,0,0,376,389,?
07785778-5c3e-4fb0-835c-d4ecbac46842,277,2023-05-09T06:26:31.611556+01:00,barcode08,*,0,0,0,0,0,*
8c332575-9ff2-4d5b-91c3-daa8029b6c8b,518,2023-05-09T06:26:33.611556+01:00,barcode08,rabv_ea,11923,1871,2264,367,382,RABV_EA
b5124495-5e6d-4aaf-bca0-3c7fff00f40c,578,2023-05-09T06:27:21.611556+01:00,barcode08,*,0,0,0,0,0,*
62e93e0e-b4fe-4fe5-8c6d-658ffad361ed,842,2023-05-09T06:27:19.611556+01:00,barcode08,?,11923,0,0,361,377,?
81944c16-ed0b-43b3-8139-6d76f285fa24,1266,2023-05-09T06:27:34.611556+01:00,barcode08,?,11923,0,0,384,399,?
9925dc09-9f03-4135-8e45-d7f760895432,666,2023-05-09T06:27:33.611556+01:00,barcode08,?,11923,0,0,371,390,?
3a5ce0b3-7c57-4ae3-9bee-e9d1e7fbe337,712,2023-05-09T06:28:39.611556+01:00,barcode08,?,11923,0,0,372,394,?
f6e44918-ca1e-4653-8166-5c03d021370a,443,2023-05-09T06:25:35.611556+01:00,barcode08,rabv_ea,11923,7703,8081,359,365,RABV_EA
e4972b5f-6daf-4c48-b788-787beed84d3c,1044,2023-05-09T06:27:12.611556+01:00,barcode08,?,11923,0,0,495,530,?
5685bd95-6966-4f77-929c-4a08a8b76563,506,2023-05-09T06:28:40.611556+01:00,barcode08,rabv_ea,11923,10164,10528,330,352,RABV_EA
70b5a9e4-500f-4c94-88d8-65632d631e53,1289,2023-05-09T06:26:09.611556+01:00,barcode08,?,11923,0,0,368,384,?
abff9f48-378c-4ee5-acc4-5e7802c50b3c,519,2023-05-09T06:28:38.611556+01:00,barcode08,rabv_ea,11923,10164,10576,354,381,RABV_EA
4d972ffb-63b9-4692-aa9d-8965910f43fa,907,2023-05-09T06:27:41.611556+01:00,barcode08,?,11923,0,0,372,392,?
c311be1c-4b03-4949-ac9c-e69a5a5b8e6c,857,2023-05-09T06:27:42.611556+01:00,barcode08,?,11923,0,0,382,392,?
37983ed6-3964-439f-8cc2-d70bff32a46a,513,2023-05-09T06:28:49.611556+01:00,barcode08,rabv_ea,11923,3402,3793,369,380,RABV_EA
2c03c817-9dc8-4dab-afa6-88c16587e793,1273,2023-05-09T06:28:40.611556+01:00,barcode08,?,11923,0,0,363,387,?
39074bf3-a987-4c54-8173-b2757cd77aaa,459,2023-05-09T06:21:28.611556+01:00,barcode08,rabv_ea,11923,9536,9925,354,377,RABV_EA
9fdc7ff2-f396-4828-b804-9e5cdb22235d,438,2023-05-09T06:21:29.611556+01:00,barcode08,rabv_ea,11923,1864,2247,340,360,RABV_EA
9bd6193e-2fe1-455f-bea8-bb82d329e33b,903,2023-05-09T06:21:26.611556+01:00,barcode08,?,11923,0,0,367,390,?
012c64a8-dad4-46cc-844b-89352921c9d9,540,2023-05-09T06:27:43.611556+01:00,barcode08,rabv_ea,11923,10164,10576,367,401,RABV_EA
d2fc587b-33ca-400b-8938-860a42759a7e,689,2023-05-09T06:24:46.611556+01:00,barcode08,?,11923,0,0,240,253,?
a409a5b3-44b7-43ee-8836-87a9acd00af1,912,2023-05-09T06:24:44.611556+01:00,barcode08,?,11923,0,0,354,380,?
0863f0e5-6a09-4feb-b124-d35ed71c55c4,876,2023-05-09T06:24:46.611556+01:00,barcode08,?,11923,0,0,376,405,?
2aa6fdfb-0b45-444d-9982-f73ceb36f338,465,2023-05-09T06:21:28.611556+01:00,barcode08,rabv_ea,11923,10172,10552,343,366,RABV_EA
f6b50914-bc2e-45b0-88ed-8eac1d9f7fbd,954,2023-05-09T06:24:47.611556+01:00,barcode08,?,11923,0,0,387,402,?
15b4c7e6-f4fc-4f10-a114-79206f6b2525,1069,2023-05-09T06:24:43.611556+01:00,barcode08,?,11923,0,0,380,390,?
e1622d4d-c795-4ec2-8a2c-599509722263,193,2023-05-09T06:24:46.611556+01:00,barcode08,*,0,0,0,0,0,*
d37ca36b-a0ce-4e0c-ae08-0f403943e7fd,522,2023-05-09T06:21:54.611556+01:00,barcode08,rabv_ea,11923,10167,10576,366,392,RABV_EA
d42d436e-8a69-4c57-9ac7-9a8e4f25847f,1293,2023-05-09T06:21:51.611556+01:00,barcode08,?,11923,0,0,371,393,?
e1f0f57f-34aa-4f86-8bc4-bf641c5de2e1,1757,2023-05-09T06:21:49.611556+01:00,barcode08,?,11923,0,0,386,400,?
2d367d3a-af1b-4788-96d6-b904bdae6a21,438,2023-05-09T06:21:52.611556+01:00,barcode08,rabv_ea,11923,319,695,331,362,RABV_EA
1a33475e-9192-4c09-a7c8-c686639b8da2,486,2023-05-09T06:27:14.611556+01:00,barcode08,rabv_ea,11923,10167,10561,347,384,RABV_EA
a19622af-259f-4de9-8dcb-54f28bd45c18,460,2023-05-09T06:27:13.611556+01:00,barcode08,rabv_ea,11923,4904,5283,355,369,RABV_EA
dc93c434-9d63-4c32-a522-57541cd7a5c7,646,2023-05-09T06:27:14.611556+01:00,barcode08,rabv_ea,11923,1880,2231,329,342,RABV_EA
028cbd81-0291-438d-ac9a-e4cbc53d8e3f,1264,2023-05-09T06:27:03.611556+01:00,barcode08,?,11923,0,0,757,802,?
6dee3063-826b-4aec-a7f1-27a7496a8b3d,456,2023-05-09T06:21:57.611556+01:00,barcode08,rabv_ea,11923,70,459,354,378,RABV_EA
f6ca4e1a-a7d5-4571-a0e3-4651c182e5e9,345,2023-05-09T06:27:51.611556+01:00,barcode08,?,11923,0,0,165,174,?
50bf873e-f341-4441-80bb-e12e16f1beb4,643,2023-05-09T06:19:48.611556+01:00,barcode08,?,11923,0,0,360,377,?
ee636ebd-a1db-44da-9675-f5dd6a05b6c3,1265,2023-05-09T06:23:26.611556+01:00,barcode08,?,11923,0,0,355,375,?
9dff6c1c-8450-41bf-bca8-1eb7aa936a99,505,2023-05-09T06:24:48.611556+01:00,barcode08,rabv_ea,11923,10187,10576,325,357,RABV_EA
3932a42a-7da5-4407-b500-40d10b6bb801,544,2023-05-09T06:23:18.611556+01:00,barcode08,rabv_ea,11923,2735,3140,369,386,RABV_EA
94d7e316-1af5-401d-9406-a1919f3c1c42,810,2023-05-09T06:21:55.611556+01:00,barcode08,*,0,0,0,0,0,*
0221403b-c748-45c0-9006-e165ef28fd87,955,2023-05-09T06:21:53.611556+01:00,barcode08,?,11923,0,0,371,389,?
b9dc718b-6707-441d-bcc8-08693948f02e,287,2023-05-09T06:21:54.611556+01:00,barcode08,rabv_ea,11923,5083,5285,181,190,RABV_EA
e5216fee-46d7-44d4-a9c4-277186123252,530,2023-05-09T06:23:29.611556+01:00,barcode08,rabv_ea,11923,10171,10570,371,393,RABV_EA
1bb78e1c-5813-4330-b3c0-507b900e2df5,459,2023-05-09T06:23:27.611556+01:00,barcode08,rabv_ea,11923,10164,10534,341,361,RABV_EA
c9ca6ee4-8b64-4f7d-b219-49e58b33de43,515,2023-05-09T06:19:47.611556+01:00,barcode08,rabv_ea,11923,8927,9317,353,374,RABV_EA
371f5db0-c424-4570-8a30-a63651152ef9,866,2023-05-09T06:23:15.611556+01:00,barcode08,?,11923,0,0,376,389,?
50df1688-2347-45c3-9f21-c423a70dc164,527,2023-05-09T03:50:27.611556+01:00,barcode08,rabv_ea,11923,9850,10259,372,402,RABV_EA
ddefc1f3-7147-4df7-a263-971456469650,866,2023-05-09T06:20:53.611556+01:00,barcode08,?,11923,0,0,381,391,?
37c98d58-e8c0-44be-a6aa-a138bd91c0e2,2022,2023-05-09T06:20:50.611556+01:00,barcode08,?,11923,0,0,385,393,?
31202f25-9d8c-4d4d-9db1-8ba6f29a6917,441,2023-05-08T19:12:12.611556+01:00,barcode08,rabv_ea,11923,319,690,339,358,RABV_EA
85eda980-d3e6-4ada-a0c1-9b9bc4d9d52e,472,2023-05-08T19:12:37.611556+01:00,barcode08,rabv_ea,11923,4644,5051,374,394,RABV_EA
ce20bc24-2044-4b94-905d-efc2ec818ed9,934,2023-05-09T03:51:03.611556+01:00,barcode08,?,11923,0,0,369,385,?
f9f160ba-3b1e-4b17-a3ba-3a3b51e023c1,462,2023-05-09T06:23:17.611556+01:00,barcode08,rabv_ea,11923,10177,10576,355,384,RABV_EA
a11361cb-65d3-4cdd-a6af-cbec78455dfd,864,2023-05-09T06:27:49.611556+01:00,barcode08,?,11923,0,0,354,369,?
571b441b-d826-475c-af8e-36fd858aeb73,506,2023-05-09T03:51:09.611556+01:00,barcode08,rabv_ea,11923,6424,6827,370,384,RABV_EA
b7d4cd48-f011-4d25-9297-914179fcb9cc,506,2023-05-09T06:21:28.611556+01:00,barcode08,rabv_ea,11923,10166,10576,370,396,RABV_EA
4658c0a6-1f77-4bd4-b05f-4dba8503c23b,956,2023-05-09T06:21:29.611556+01:00,barcode08,?,11923,0,0,366,388,?
f02c9ed8-c5b4-4e3d-9d52-e570f4da322c,891,2023-05-09T03:50:43.611556+01:00,barcode08,?,11923,0,0,366,382,?
ac2ce323-9b97-464c-8faa-f488fb14f90e,527,2023-05-09T06:22:02.611556+01:00,barcode08,rabv_ea,11923,9852,10263,379,392,RABV_EA
4eb8bd3a-8154-4d0d-ad2a-5155bdcc4713,580,2023-05-09T06:27:55.611556+01:00,barcode08,rabv_ea,11923,10196,10576,330,358,RABV_EA
5b870ccc-313b-4b78-85a2-7a5fc69b0eda,528,2023-05-09T03:50:26.611556+01:00,barcode08,rabv_ea,11923,5196,5608,379,405,RABV_EA
15e5b75e-bcfc-49f9-ad81-fd06e26bea40,509,2023-05-09T06:20:52.611556+01:00,barcode08,rabv_ea,11923,10164,10576,382,406,RABV_EA
274c96ba-d0eb-4c40-8072-7b8c1ff7295b,452,2023-05-09T06:20:55.611556+01:00,barcode08,rabv_ea,11923,1873,2248,339,360,RABV_EA
a265f63c-8bd5-43b0-8e44-1cd119e04a87,469,2023-05-09T06:20:54.611556+01:00,barcode08,rabv_ea,11923,9877,10263,355,370,RABV_EA
459535a2-428b-4a10-a003-7b94add515fa,932,2023-05-09T03:50:26.611556+01:00,barcode08,?,11923,0,0,374,395,?
5e08efe8-6f93-4687-b289-8410754131bd,449,2023-05-08T19:12:11.611556+01:00,barcode08,rabv_ea,11923,10200,10576,339,361,RABV_EA
0616739c-8600-4707-89c3-970d0cdbc3ae,848,2023-05-08T19:12:38.611556+01:00,barcode08,?,11923,0,0,370,389,?
b0a74f09-8459-41f3-9345-6c3eac0139a2,875,2023-05-08T19:12:12.611556+01:00,barcode08,?,11923,0,0,378,391,?
46689235-e8e6-4489-8c87-d6ff38ad2571,467,2023-05-08T19:13:37.611556+01:00,barcode08,rabv_ea,11923,10180,10571,348,380,RABV_EA
cba5743a-2c85-4cb2-85d9-c40ce5ddc667,582,2023-05-09T06:20:52.611556+01:00,barcode08,?,11923,0,0,374,395,?
129ff74a-9863-41d4-b226-d3d75189c6b0,465,2023-05-09T06:28:02.611556+01:00,barcode08,rabv_ea,11923,9867,10263,375,387,RABV_EA
4be64025-5b85-4d6c-a178-f58ca30f36fd,559,2023-05-09T06:20:53.611556+01:00,barcode08,rabv_ea,11923,4634,5051,366,397,RABV_EA
c673502f-5540-4bb9-9f8b-1bd8f482f652,416,2023-05-08T19:13:37.611556+01:00,barcode08,rabv_ea,11923,1864,2216,329,344,RABV_EA
bc741341-99b6-4a71-ab25-4c1c0dd85ed7,366,2023-05-09T06:28:03.611556+01:00,barcode08,rabv_ea,11923,952,1255,230,252,RABV_EA
1caa1fb0-26dc-475b-87ac-4c89f31614bf,533,2023-05-09T06:20:53.611556+01:00,barcode08,rabv_ea,11923,8929,9331,372,389,RABV_EA
33955deb-c0f5-45bf-8ea8-1e022e92b4ac,385,2023-05-09T06:28:06.611556+01:00,barcode08,rabv_ea,11923,5743,5916,158,166,RABV_EA
f78b5e2b-82a3-4f9c-bc03-8aad024e9657,453,2023-05-09T06:28:03.611556+01:00,barcode08,rabv_ea,11923,942,1324,347,370,RABV_EA
71637eca-2d5c-42b5-8baa-402eb89edf2d,454,2023-05-09T06:28:05.611556+01:00,barcode08,rabv_ea,11923,2458,2831,347,361,RABV_EA
f2efc318-60c1-4f21-8a52-d9b98d175d86,480,2023-05-09T06:28:04.611556+01:00,barcode08,rabv_ea,11923,2733,3133,375,395,RABV_EA
333695e4-9e73-4286-ada9-64d6f6038a3d,1290,2023-05-08T19:11:56.611556+01:00,barcode08,?,11923,0,0,386,411,?
61b24545-dd1b-4a09-a753-57d0180b9079,532,2023-05-09T06:20:54.611556+01:00,barcode08,rabv_ea,11923,6431,6825,362,376,RABV_EA
f72c1c08-ca79-4f8b-89d7-e8f96fd7d874,450,2023-05-08T19:11:56.611556+01:00,barcode08,rabv_ea,11923,1891,2264,339,363,RABV_EA
c0ac34bf-738a-4dfd-b3ba-407d500cbfbc,1268,2023-05-08T19:12:36.611556+01:00,barcode08,?,11923,0,0,374,391,?
e15babec-6cd0-47e5-9ea3-55ed287aa992,473,2023-05-09T06:27:58.611556+01:00,barcode08,rabv_ea,11923,6440,6831,371,384,RABV_EA
a5f5d611-980a-4cab-8f38-dab22b2d90b4,2311,2023-05-08T19:09:53.611556+01:00,barcode08,?,11923,0,0,382,393,?
6b2fe38f-575d-423e-9043-49f79ea24c7a,465,2023-05-08T19:13:19.611556+01:00,barcode08,rabv_ea,11923,2733,3136,378,389,RABV_EA
7b0214de-e828-4fee-a5b3-aaa401a71ef0,472,2023-05-08T19:13:19.611556+01:00,barcode08,rabv_ea,11923,10182,10576,346,378,RABV_EA
970e0de6-8c3d-4596-a29c-5f153aaee57e,466,2023-05-08T19:12:58.611556+01:00,barcode08,rabv_ea,11923,3399,3791,378,386,RABV_EA
bdebeb12-356d-4c65-b269-957edfbc3dc4,439,2023-05-08T19:10:43.611556+01:00,barcode08,rabv_ea,11923,8944,9330,360,370,RABV_EA
d719aec1-9115-4ad2-9c57-2e710f77cf3b,504,2023-05-08T19:10:42.611556+01:00,barcode08,rabv_ea,11923,11392,11796,379,396,RABV_EA
86b7c7ae-ce5d-45ff-873c-cacb9d94bf2f,457,2023-05-08T19:11:50.611556+01:00,barcode08,rabv_ea,11923,9851,10247,368,380,RABV_EA
4d984e96-23ba-40ea-9743-c433d387bd5c,354,2023-05-08T19:11:56.611556+01:00,barcode08,rabv_ea,11923,9656,9940,261,277,RABV_EA
ec5be7c8-54c5-405e-aa09-e0a37b47f58c,1342,2023-05-09T06:27:43.611556+01:00,barcode08,?,11923,0,0,380,400,?
6706f768-2870-42d6-a16f-09c77c20ab1b,522,2023-05-09T06:27:44.611556+01:00,barcode08,rabv_ea,11923,10166,10580,367,400,RABV_EA
5322b786-dfa2-474b-ae23-c2c989fc6e5a,264,2023-05-09T06:28:12.611556+01:00,barcode08,rabv_ea,11923,4630,4829,185,195,RABV_EA
a6f0f092-2fe9-4a52-95de-0f0e796b168b,447,2023-05-08T19:12:36.611556+01:00,barcode08,rabv_ea,11923,943,1324,335,364,RABV_EA
c699659d-eaed-48da-8aa2-a1373efb8304,921,2023-05-08T19:12:36.611556+01:00,barcode08,?,11923,0,0,371,391,?
205c9bd9-1dfb-40f3-a834-acc054da6654,446,2023-05-08T19:12:56.611556+01:00,barcode08,rabv_ea,11923,939,1324,352,375,RABV_EA
1383a030-75ed-42c2-8d73-750390217632,1107,2023-05-08T19:10:43.611556+01:00,barcode08,?,11923,0,0,383,411,?
fbc6c597-ea5c-4dc7-b626-875a6915c97a,1251,2023-05-08T19:10:36.611556+01:00,barcode08,?,11923,0,0,328,355,?
8e5888e2-19f8-4a6e-8cef-3e72089537f6,524,2023-05-09T06:27:45.611556+01:00,barcode08,rabv_ea,11923,3064,3471,366,389,RABV_EA
f308559d-ab40-4711-b9ae-6bc50149243a,451,2023-05-08T19:12:36.611556+01:00,barcode08,rabv_ea,11923,11111,11494,348,363,RABV_EA
4b8dc6a4-588a-403c-b98e-412e45dcb801,455,2023-05-08T19:09:58.611556+01:00,barcode08,rabv_ea,11923,9852,10248,364,383,RABV_EA
4f4b2936-17f7-4c83-be93-b032254221dd,523,2023-05-08T19:09:57.611556+01:00,barcode08,rabv_ea,11923,10170,10576,353,384,RABV_EA
e0605167-fb63-4fb7-8233-2030997c9fc2,1327,2023-05-08T19:12:36.611556+01:00,barcode08,?,11923,0,0,390,405,?
76e36ccd-938e-45f8-a6b1-46184fbd7fb4,859,2023-05-08T19:11:55.611556+01:00,barcode08,?,11923,0,0,357,372,?
03f03ab9-d1a3-41c2-a897-7b557dedf9d6,543,2023-05-09T06:27:51.611556+01:00,barcode08,rabv_ea,11923,10164,10573,368,403,RABV_EA
b73644e4-14b3-4d60-a7ed-aa80419d5019,345,2023-05-08T19:11:47.611556+01:00,barcode08,rabv_ea,11923,4311,4424,104,110,RABV_EA
42a0389e-31cb-4eb1-a0bd-39e6ab55fbfd,478,2023-05-09T06:28:13.611556+01:00,barcode08,rabv_ea,11923,1864,2249,348,367,RABV_EA
4f1619d1-2140-44cc-9c40-ce1c24f1937e,508,2023-05-09T06:28:12.611556+01:00,barcode08,rabv_ea,11923,319,704,358,374,RABV_EA
e6092fad-ecd6-49ae-b9f2-ba375bad598a,1307,2023-05-08T19:11:47.611556+01:00,barcode08,?,11923,0,0,383,409,?
e39c6636-184d-4229-85a8-dd681809d73e,813,2023-05-08T19:11:45.611556+01:00,barcode08,?,11923,0,0,362,379,?
850c72c5-9a53-4156-9f2c-cdc6a6fc4a4e,475,2023-05-08T19:10:39.611556+01:00,barcode08,rabv_ea,11923,10164,10563,372,397,RABV_EA
1b55c494-7c81-4761-bc56-236db8293d2c,954,2023-05-09T06:28:13.611556+01:00,barcode08,?,11923,0,0,384,408,?
0a231930-6eff-4de4-8a18-f5c9cb1dfe85,533,2023-05-08T19:10:29.611556+01:00,barcode08,rabv_ea,11923,10164,10573,363,390,RABV_EA
864b6d99-879b-41d7-aa22-9327fc77dbf6,469,2023-05-08T19:11:34.611556+01:00,barcode08,rabv_ea,11923,4626,5035,367,399,RABV_EA
733a5013-fe6c-4594-a88f-fba0aad3ad1b,1784,2023-05-09T06:28:10.611556+01:00,barcode08,?,11923,0,0,392,408,?
ae13ff25-2f7a-4396-9d31-6ce3ad655a64,461,2023-05-08T19:11:46.611556+01:00,barcode08,rabv_ea,11923,9851,10239,360,372,RABV_EA
7328a83f-3865-4951-affd-67079622b542,327,2023-05-08T19:10:42.611556+01:00,barcode08,rabv_ea,11923,3062,3242,159,173,RABV_EA
2388ea38-05f9-4115-87b7-1e71b4498e58,479,2023-05-08T19:10:32.611556+01:00,barcode08,rabv_ea,11923,10180,10570,346,373,RABV_EA
6af00bed-bef5-4b33-9bc6-c5f05217af7c,1741,2023-05-09T06:28:17.611556+01:00,barcode08,?,11923,0,0,359,378,?
4df8d7c8-5c58-442b-9e78-c2536122aad9,455,2023-05-08T19:11:34.611556+01:00,barcode08,rabv_ea,11923,8942,9325,360,374,RABV_EA
5fac41cd-362b-4173-b9b3-6f861546fd57,258,2023-05-09T06:28:23.611556+01:00,barcode08,*,0,0,0,0,0,*
d818d13e-ec15-4064-9115-7cdfd70871f9,892,2023-05-09T06:28:18.611556+01:00,barcode08,?,11923,0,0,374,390,?
2a6bac15-5e4b-4b88-b71f-0540a96ad988,465,2023-05-09T06:28:27.611556+01:00,barcode08,rabv_ea,11923,11109,11494,361,380,RABV_EA
f13dd61f-75bd-47f5-b343-6fb527a3a1e4,439,2023-05-09T06:28:27.611556+01:00,barcode08,rabv_ea,11923,319,696,347,359,RABV_EA
6d3bc359-0067-4700-8f78-a29a0e3c79eb,532,2023-05-09T06:28:27.611556+01:00,barcode08,rabv_ea,11923,10164,10576,377,402,RABV_EA
f6e9db8a-5903-449a-a54c-a7b481fc1807,851,2023-05-08T19:11:46.611556+01:00,barcode08,?,11923,0,0,393,403,?
82d1907f-21e1-4ed7-95df-b2a471bc607a,504,2023-05-08T19:10:22.611556+01:00,barcode08,rabv_ea,11923,1864,2259,363,382,RABV_EA
8fbf27a5-84dc-41f4-b8fe-33034be8dee4,348,2023-05-08T19:10:32.611556+01:00,barcode08,rabv_ea,11923,319,588,234,257,RABV_EA
780a10d9-7a0c-465b-a6f9-656ad0d46800,1331,2023-05-09T06:28:17.611556+01:00,barcode08,?,11923,0,0,378,386,?
01b73175-2464-47fc-84e3-49a6c7649c24,468,2023-05-08T19:10:32.611556+01:00,barcode08,rabv_ea,11923,11449,11794,303,332,RABV_EA
9ed25b93-2ca9-4bff-8d8b-f2466b3fc221,1697,2023-05-08T19:11:46.611556+01:00,barcode08,?,11923,0,0,396,415,?
e3db00bf-8270-4bc9-bec7-ef5779c5d181,422,2023-05-08T19:11:38.611556+01:00,barcode08,rabv_ea,11923,1893,2247,303,327,RABV_EA
b6cdeead-453f-4102-a479-c66e884460a2,455,2023-05-09T06:28:14.611556+01:00,barcode08,rabv_ea,11923,1864,2248,353,374,RABV_EA
21a0cf59-d62b-4be9-ac26-6bcc1ef665e7,465,2023-05-09T06:28:12.611556+01:00,barcode08,rabv_ea,11923,8927,9311,352,376,RABV_EA
7fbc8ff7-94f6-4436-83da-a6211c15ae03,309,2023-05-09T06:28:10.611556+01:00,barcode08,rabv_ea,11923,1864,2104,223,234,RABV_EA
81bdc6b5-b9e1-4cfc-96eb-5c6621b316b2,924,2023-05-08T19:10:28.611556+01:00,barcode08,?,11923,0,0,389,408,?
16f30c71-1f02-4de3-952b-33afcedf40ca,1751,2023-05-08T19:11:34.611556+01:00,barcode08,?,11923,0,0,349,376,?
588f2a16-ab32-4535-b26a-47dcff9b55fe,890,2023-05-09T06:28:20.611556+01:00,barcode08,?,11923,0,0,366,387,?
3456c62a-70fd-43b0-ab15-f16bc59b7928,538,2023-05-09T06:28:20.611556+01:00,barcode08,rabv_ea,11923,10164,10576,373,408,RABV_EA
7e2b8fd0-1188-442a-8568-9fcd7ff02a9f,510,2023-05-08T19:10:23.611556+01:00,barcode08,rabv_ea,11923,8927,9325,361,382,RABV_EA
6333cd70-fa79-4171-92c2-5d06148ba419,447,2023-05-08T19:11:34.611556+01:00,barcode08,rabv_ea,11923,11110,11494,365,378,RABV_EA
189a11a1-e533-498c-99c3-1024eb53da6f,1315,2023-05-08T19:11:35.611556+01:00,barcode08,?,11923,0,0,387,400,?
d6339042-6925-42e1-8a83-e5f1b4fa945f,718,2023-05-09T06:27:44.611556+01:00,barcode08,rabv_ea,11923,11392,11780,363,381,RABV_EA
5e2e1c10-0cec-4ce2-85b8-d8011f263476,213,2023-05-08T19:08:13.611556+01:00,barcode08,*,0,0,0,0,0,*
ca9e72ce-9bf9-4218-b23a-45be5ea61f57,456,2023-05-09T06:30:09.611556+01:00,barcode08,rabv_ea,11923,11111,11488,362,374,RABV_EA
0852b517-8688-483e-bb33-2fd22cf6c13f,405,2023-05-09T06:30:12.611556+01:00,barcode08,rabv_ea,11923,11166,11489,294,313,RABV_EA
4869374a-5f54-4029-abca-1aaa3c2b2ce3,493,2023-05-08T19:08:14.611556+01:00,barcode08,rabv_ea,11923,8927,9325,351,369,RABV_EA
399b28e8-514f-46e2-a129-b0ed75fa13f7,1315,2023-05-09T06:30:08.611556+01:00,barcode08,?,11923,0,0,393,405,?
d2f2c2cf-5c20-4091-8e87-b2b82af61496,566,2023-05-09T06:28:39.611556+01:00,barcode08,rabv_ea,11923,3064,3471,357,387,RABV_EA
38e04a1e-a5aa-4368-afaf-05d1c99050ae,467,2023-05-09T06:28:33.611556+01:00,barcode08,rabv_ea,11923,9865,10259,356,382,RABV_EA
88fb73b5-796c-43db-a8b5-40562f46c51c,470,2023-05-09T06:28:33.611556+01:00,barcode08,rabv_ea,11923,1864,2221,336,354,RABV_EA
657ff03b-840c-4205-9c00-265420264d80,309,2023-05-08T19:08:41.611556+01:00,barcode08,rabv_ea,11923,9090,9325,226,233,RABV_EA
d7653b44-7063-4ea0-bbf1-1319877c6403,474,2023-05-08T19:10:56.611556+01:00,barcode08,rabv_ea,11923,2743,3130,367,383,RABV_EA
740f7883-1ff5-4e37-8ae7-32a42198a33c,531,2023-05-08T19:08:13.611556+01:00,barcode08,rabv_ea,11923,9851,10263,384,403,RABV_EA
8fa29fde-e156-452a-8a98-6329d75e8adc,928,2023-05-08T19:08:10.611556+01:00,barcode08,?,11923,0,0,375,392,?
83880c1f-0d5d-4cdc-8d77-442ed0ae682e,462,2023-05-08T19:03:15.611556+01:00,barcode08,rabv_ea,11923,2733,3129,356,378,RABV_EA
8e6d9800-e168-42e5-9e72-bef7510b9256,487,2023-05-08T19:08:13.611556+01:00,barcode08,rabv_ea,11923,11391,11781,360,375,RABV_EA
87000170-2767-4715-a254-725744718d31,529,2023-05-09T06:28:34.611556+01:00,barcode08,rabv_ea,11923,5198,5608,367,390,RABV_EA
e7f248f3-a02b-4896-8eed-07c2e2b02e11,225,2023-05-09T06:28:36.611556+01:00,barcode08,rabv_ea,11923,9786,9931,128,133,RABV_EA
9c09c807-eb76-4428-bee2-aba05d60729a,880,2023-05-08T19:06:48.611556+01:00,barcode08,?,11923,0,0,383,390,?
08b8e65f-3d35-4b81-b93c-25bb3d281030,865,2023-05-08T19:08:11.611556+01:00,barcode08,?,11923,0,0,387,405,?
ba2f09c6-79ee-4f7e-9107-d925a94739ca,516,2023-05-08T19:08:13.611556+01:00,barcode08,rabv_ea,11923,10165,10576,362,388,RABV_EA
43eace47-8b6c-4ca7-a92a-62dfe4dae7b5,1306,2023-05-08T19:01:48.611556+01:00,barcode08,?,11923,0,0,369,384,?
71389178-dd1c-4321-a33b-fed4ed09b991,2130,2023-05-08T19:06:47.611556+01:00,barcode08,?,11923,0,0,381,402,?
24161617-98e6-468c-89d1-b8dd14946ea0,275,2023-05-08T19:01:51.611556+01:00,barcode08,rabv_ea,11923,3062,3252,184,190,RABV_EA
ac96551d-000b-497c-a1ab-5af955f876ed,528,2023-05-08T19:01:49.611556+01:00,barcode08,rabv_ea,11923,10164,10576,376,406,RABV_EA
fa8a3275-4449-4e3a-b8cd-f265303ef0ee,242,2023-05-08T19:08:15.611556+01:00,barcode08,rabv_ea,11923,3062,3183,113,119,RABV_EA
a76531e4-a47f-48b5-afd0-4cca196a5740,902,2023-05-08T19:06:48.611556+01:00,barcode08,?,11923,0,0,363,392,?
fa83e91c-0e72-4b60-b4b2-f965bfe3e1a7,432,2023-05-08T19:07:44.611556+01:00,barcode08,rabv_ea,11923,1864,2246,331,357,RABV_EA
44aafdff-6205-46c2-84eb-714f469b92a4,272,2023-05-08T19:07:02.611556+01:00,barcode08,rabv_ea,11923,3064,3247,170,180,RABV_EA
6ff83bde-456e-4526-976d-24e42f6a8bfb,544,2023-05-09T06:28:36.611556+01:00,barcode08,rabv_ea,11923,9851,10260,371,387,RABV_EA
e28fdf12-73a3-45ff-97e0-91db8bd2c584,525,2023-05-09T06:28:36.611556+01:00,barcode08,rabv_ea,11923,10164,10576,363,401,RABV_EA
a787d7fc-dd5b-4234-81b1-7449e898b37d,443,2023-05-09T06:28:36.611556+01:00,barcode08,rabv_ea,11923,11111,11494,341,360,RABV_EA
c54ed82e-bd5a-49f9-9f87-e847c00920b5,2279,2023-05-09T06:28:29.611556+01:00,barcode08,?,11923,0,0,367,388,?
b5c043ac-9e86-43f6-a6dc-8bf731edb577,531,2023-05-08T19:07:33.611556+01:00,barcode08,rabv_ea,11923,10170,10576,365,394,RABV_EA
d01ef533-696b-4333-9fd0-ec82cbd4d2c5,1312,2023-05-08T19:01:48.611556+01:00,barcode08,?,11923,0,0,387,408,?
86523919-314a-45cd-8ace-abe494ecf50f,822,2023-05-08T19:01:50.611556+01:00,barcode08,?,11923,0,0,377,405,?
51621f08-9c76-4cf7-9e57-36726a07d000,577,2023-05-09T06:30:21.611556+01:00,barcode08,rabv_ea,11923,10164,10576,377,405,RABV_EA
7eec3ac5-3532-4dca-84bc-3c0fbea00c2f,475,2023-05-08T19:06:51.611556+01:00,barcode08,rabv_ea,11923,8929,9301,344,366,RABV_EA
8c5dde24-06c4-4b2d-bef8-2e7496776e28,873,2023-05-08T19:01:47.611556+01:00,barcode08,?,11923,0,0,387,394,?
153152cf-5de5-4dd4-8551-cde1412a4484,540,2023-05-08T18:15:33.611556+01:00,barcode08,rabv_ea,11923,6424,6828,391,401,RABV_EA
b9d201a7-8250-4390-99aa-11e1dae4f347,458,2023-05-08T19:01:48.611556+01:00,barcode08,rabv_ea,11923,10182,10576,335,376,RABV_EA
592fe4de-bcfa-40df-b216-3dbb931cc25c,1298,2023-05-08T18:15:32.611556+01:00,barcode08,?,11923,0,0,373,390,?
b99bc152-afd7-47b9-96fc-1ff5ee0e90b4,265,2023-05-08T19:01:49.611556+01:00,barcode08,*,0,0,0,0,0,*
fdfbb214-822d-4f38-957b-ff8b7beb6931,528,2023-05-08T19:01:48.611556+01:00,barcode08,rabv_ea,11923,10164,10576,377,404,RABV_EA
0180fb2b-902e-4beb-a9b9-249ac68ff773,1954,2023-05-08T19:01:47.611556+01:00,barcode08,?,11923,0,0,383,396,?
27f57d42-8dc1-46ce-99b5-5d7718696cf0,313,2023-05-08T19:07:44.611556+01:00,barcode08,rabv_ea,11923,9539,9664,115,121,RABV_EA
dec2fccb-7cfa-4e88-9275-bdad7c79db11,896,2023-05-08T19:06:48.611556+01:00,barcode08,?,11923,0,0,380,396,?
44286d78-dcd6-48e0-a4bc-0d2319cc1d5c,312,2023-05-08T19:07:44.611556+01:00,barcode08,rabv_ea,11923,5031,5226,186,193,RABV_EA
82c4e1d6-c3f4-4121-a061-0bbe63e84f8a,444,2023-05-08T19:07:43.611556+01:00,barcode08,rabv_ea,11923,319,691,337,362,RABV_EA
e24abc07-4610-46d2-adf6-597c18ee19ed,529,2023-05-08T19:07:43.611556+01:00,barcode08,rabv_ea,11923,1870,2264,345,372,RABV_EA
fa8a5a6b-d9c1-4c80-b9e3-49768501feab,493,2023-05-08T19:07:44.611556+01:00,barcode08,rabv_ea,11923,2745,3126,367,376,RABV_EA
c1474b45-2c0c-4ec1-a0d0-81f90b9871d5,529,2023-05-09T06:28:34.611556+01:00,barcode08,rabv_ea,11923,4642,5051,359,389,RABV_EA
f52e6d9e-642e-4e41-8b13-83ba04c1332d,584,2023-05-08T19:06:51.611556+01:00,barcode08,?,11923,0,0,367,382,?
be2537c8-514e-480e-b8f5-bf875a6894ca,957,2023-05-09T06:28:34.611556+01:00,barcode08,?,11923,0,0,372,384,?
5e28d664-3353-494d-bba2-dfa3c0a7690c,458,2023-05-08T19:06:37.611556+01:00,barcode08,rabv_ea,11923,9857,10249,356,373,RABV_EA
5a720f42-785f-4950-ba4f-4de51593d470,1295,2023-05-08T19:06:38.611556+01:00,barcode08,?,11923,0,0,351,367,?
f35a2184-a236-4c87-b37a-c25811d4271c,447,2023-05-08T19:05:05.611556+01:00,barcode08,rabv_ea,11923,939,1296,307,334,RABV_EA
206399f4-6ffe-41e0-9946-a90135bd66d8,529,2023-05-08T19:07:45.611556+01:00,barcode08,rabv_ea,11923,8927,9325,362,383,RABV_EA
34a54b76-4fa0-46d0-9e7b-f5b38f5641a3,470,2023-05-08T19:05:05.611556+01:00,barcode08,rabv_ea,11923,3399,3791,376,385,RABV_EA
83ed7234-ab83-4e70-8215-25840e51f11d,461,2023-05-08T19:06:38.611556+01:00,barcode08,rabv_ea,11923,3062,3455,367,383,RABV_EA
b69045fd-3b89-46b6-a8fa-988d58ac1f2b,853,2023-05-08T18:15:33.611556+01:00,barcode08,?,11923,0,0,351,388,?
39d5d973-f01a-409f-a9ee-2f1ca881245a,472,2023-05-08T19:05:06.611556+01:00,barcode08,rabv_ea,11923,10165,10563,354,386,RABV_EA
8b59aea9-2945-4105-99e9-52e412f8ced9,438,2023-05-08T19:07:46.611556+01:00,barcode08,rabv_ea,11923,1864,2243,327,351,RABV_EA
1e6a6814-4c11-45e4-9dcb-4d023e48de50,511,2023-05-08T19:04:40.611556+01:00,barcode08,rabv_ea,11923,1864,2264,375,389,RABV_EA
6fceb6e8-b895-4c83-8a6a-c433e996fdf4,458,2023-05-08T19:05:05.611556+01:00,barcode08,rabv_ea,11923,4626,5037,319,348,RABV_EA
41dc1e90-c55d-4810-bb89-cfeeaa1b1cfc,861,2023-05-08T18:15:32.611556+01:00,barcode08,?,11923,0,0,345,369,?
210d6287-4c0b-40e9-b8bb-882a59bd066b,478,2023-05-08T19:05:07.611556+01:00,barcode08,rabv_ea,11923,9851,10248,379,396,RABV_EA
b3928991-92ae-4295-8b29-d4128d5e0776,859,2023-05-08T19:05:05.611556+01:00,barcode08,?,11923,0,0,375,396,?
aeda4f04-035d-4539-8d2d-2be2dec6ecc5,521,2023-05-08T18:15:32.611556+01:00,barcode08,rabv_ea,11923,10165,10575,361,394,RABV_EA
f8a66822-1489-40a8-b30c-c301a4795f5b,764,2023-05-08T19:05:04.611556+01:00,barcode08,?,11923,0,0,349,358,?
b309937d-acdc-4648-a565-821f185188e0,941,2023-05-08T19:05:58.611556+01:00,barcode08,?,11923,0,0,374,387,?
f4c90634-b8a7-42ac-8b34-1da0124f5330,889,2023-05-08T19:03:47.611556+01:00,barcode08,?,11923,0,0,371,385,?
d1436c88-a156-4d35-93ff-1d059ce6aef5,442,2023-05-08T18:15:31.611556+01:00,barcode08,rabv_ea,11923,7705,8081,345,358,RABV_EA
912f6543-f3ce-445f-969d-8c20f48dcbe2,273,2023-05-08T19:04:44.611556+01:00,barcode08,*,0,0,0,0,0,*
ecf05e8d-db11-4928-81f6-86a96b83f17b,473,2023-05-09T06:27:46.611556+01:00,barcode08,rabv_ea,11923,3398,3787,372,384,RABV_EA
7c9dc734-91a0-4575-81b2-ffafd0b9cd74,1259,2023-05-08T19:06:36.611556+01:00,barcode08,?,11923,0,0,379,395,?
f8ec8a1d-d7d0-4d5d-b178-9f35e37a7e1f,535,2023-05-09T06:24:49.611556+01:00,barcode08,rabv_ea,11923,10157,10573,377,403,RABV_EA
0f773424-02a7-44d2-bc49-778e54ac4e13,528,2023-05-08T19:03:49.611556+01:00,barcode08,rabv_ea,11923,4631,5051,367,395,RABV_EA
bfde0090-f44f-4cad-bb13-87bdf1fa7c60,860,2023-05-08T18:15:33.611556+01:00,barcode08,?,11923,0,0,354,374,?
b4d56294-3379-49f7-9c3e-e9e4034c433b,1237,2023-05-09T06:28:45.611556+01:00,barcode08,?,11923,0,0,727,767,?
eac70836-16fc-42e6-ae8a-a4723fd05146,766,2023-05-08T19:05:57.611556+01:00,barcode08,rabv_ea,11923,1586,1958,354,366,RABV_EA
03fc78c7-56cd-4836-9946-ce188bffad24,455,2023-05-09T06:27:46.611556+01:00,barcode08,rabv_ea,11923,940,1324,347,374,RABV_EA
6a5faed3-72bd-410a-b996-9c21450f7916,1345,2023-05-09T06:27:42.611556+01:00,barcode08,*,0,0,0,0,0,*
3374b260-3667-48dd-a506-5399f164b213,448,2023-05-08T19:02:38.611556+01:00,barcode08,rabv_ea,11923,8949,9325,356,368,RABV_EA
a1bd7582-c120-4f5f-9c5b-c9384ff5507e,2090,2023-05-09T06:27:40.611556+01:00,barcode08,?,11923,0,0,374,388,?
5d958116-6ed7-4f81-b28b-e6388fc40438,324,2023-05-09T06:27:05.611556+01:00,barcode08,*,0,0,0,0,0,*
c2909f26-62be-4975-b82e-b46a0b9d9042,512,2023-05-08T19:05:57.611556+01:00,barcode08,rabv_ea,11923,10164,10576,375,402,RABV_EA
20ab2fde-42bb-462e-9baf-020b2a9d297a,456,2023-05-08T19:05:58.611556+01:00,barcode08,rabv_ea,11923,3390,3778,360,373,RABV_EA
212e1c84-3ba8-4ebd-b985-a8f3cc2d6cc3,465,2023-05-08T19:05:59.611556+01:00,barcode08,rabv_ea,11923,11414,11796,347,375,RABV_EA
80be1b78-6947-466d-a162-99dc170b62f5,541,2023-05-08T19:03:50.611556+01:00,barcode08,rabv_ea,11923,8927,9318,358,382,RABV_EA
fbe0b206-ffee-49cd-9f25-0b0b125fec8b,530,2023-05-08T19:05:47.611556+01:00,barcode08,rabv_ea,11923,2733,3150,375,395,RABV_EA
d964fd79-d3ce-4353-aa83-e38729976df2,1711,2023-05-08T18:15:27.611556+01:00,barcode08,?,11923,0,0,380,393,?
7c8a69a3-638c-44b0-af3a-8e926350a76d,441,2023-05-08T19:02:37.611556+01:00,barcode08,rabv_ea,11923,11111,11494,364,375,RABV_EA
3b682fbe-22c4-4599-889b-fa38f10fc50d,951,2023-05-08T18:15:23.611556+01:00,barcode08,?,11923,0,0,394,401,?
f96f9620-8bcb-43de-9a38-0c5087ef72e6,467,2023-05-08T19:02:37.611556+01:00,barcode08,rabv_ea,11923,10170,10551,340,364,RABV_EA
63e6d2a9-b266-4b2c-a65f-32b73469d840,523,2023-05-09T06:24:46.611556+01:00,barcode08,rabv_ea,11923,10164,10576,376,399,RABV_EA
688713fe-8072-49e8-9c53-0e813d6b9db7,540,2023-05-08T19:05:47.611556+01:00,barcode08,rabv_ea,11923,10164,10568,383,403,RABV_EA
20444fa9-a6a5-470a-9f67-cea692c2e91a,914,2023-05-08T19:05:13.611556+01:00,barcode08,?,11923,0,0,372,387,?
8235ce20-bf7d-46e7-a4ad-394130f279fd,957,2023-05-08T19:05:11.611556+01:00,barcode08,?,11923,0,0,394,403,?
51cb9d43-5e2b-4cd0-88ea-0ede99dc83e6,487,2023-05-08T19:05:49.611556+01:00,barcode08,rabv_ea,11923,10164,10576,371,401,RABV_EA
3197591b-b4b1-460f-bf06-4db024ce2be5,643,2023-05-08T19:05:45.611556+01:00,barcode08,?,11923,0,0,376,401,?
b1d20606-b926-4589-a943-de2c4499374e,2055,2023-05-09T06:28:46.611556+01:00,barcode08,?,11923,0,0,392,411,?
12cf752c-0996-4e64-976b-4288f415c1e1,530,2023-05-09T06:30:02.611556+01:00,barcode08,rabv_ea,11923,10164,10570,363,390,RABV_EA
f09baaeb-bdf7-402a-a6de-ab50a59444fc,454,2023-05-09T06:24:48.611556+01:00,barcode08,rabv_ea,11923,953,1324,337,362,RABV_EA
873087b6-c205-4a38-a886-6a34938f5c85,541,2023-05-09T06:24:46.611556+01:00,barcode08,*,0,0,0,0,0,*
ae2255d4-95fa-48c4-8a8b-a6bffd6d82a3,210,2023-05-08T18:15:34.611556+01:00,barcode08,rabv_ea,11923,1864,2000,126,135,RABV_EA
c2a6fd73-0447-400a-bd2e-9fae47914eab,495,2023-05-09T06:30:05.611556+01:00,barcode08,*,0,0,0,0,0,*
e8fccb44-13e4-47fe-96f5-6c226d186043,515,2023-05-08T19:01:50.611556+01:00,barcode08,rabv_ea,11923,10164,10520,306,338,RABV_EA
590f99e6-58c8-40b0-a4ea-e9246e9dc2ae,453,2023-05-09T06:30:05.611556+01:00,barcode08,rabv_ea,11923,956,1334,350,366,RABV_EA
ac4d0623-d8e4-4ad8-8d5b-e6eb2e37119f,452,2023-05-08T19:01:52.611556+01:00,barcode08,rabv_ea,11923,6424,6819,356,374,RABV_EA
118dcb99-593d-4199-9245-e2f0113e9917,1997,2023-05-09T06:24:41.611556+01:00,barcode08,?,11923,0,0,365,380,?
bd82c49b-3941-407b-a097-05e2998f37f5,465,2023-05-09T06:24:46.611556+01:00,barcode08,rabv_ea,11923,11111,11488,339,364,RABV_EA
18ebd193-92d1-498f-ab7a-aabb90bb7217,563,2023-05-08T18:15:32.611556+01:00,barcode08,rabv_ea,11923,3064,3331,247,255,RABV_EA
892aa39a-1655-4d32-8958-432e427c9b81,898,2023-05-09T06:30:08.611556+01:00,barcode08,?,11923,0,0,368,375,?
92a80338-c065-4475-a4e4-c38bd3328a66,519,2023-05-08T18:15:23.611556+01:00,barcode08,rabv_ea,11923,939,1331,366,384,RABV_EA
dfdc6ab3-2ebd-4283-a530-9c99db6eb817,531,2023-05-08T18:15:27.611556+01:00,barcode08,rabv_ea,11923,10164,10575,384,406,RABV_EA
582a1b18-7ee2-4f27-bee1-8795da756f16,501,2023-05-08T18:15:25.611556+01:00,barcode08,rabv_ea,11923,939,1263,308,319,RABV_EA
2226582e-788c-4e0f-a7a0-5323d643b806,763,2023-05-08T18:15:25.611556+01:00,barcode08,?,11923,0,0,371,395,?
012d2449-217f-4bfc-974d-a97d5c0c7066,435,2023-05-08T18:15:35.611556+01:00,barcode08,rabv_ea,11923,1864,2248,344,364,RABV_EA
e6237a98-7f0c-4577-842b-54c61580cf0b,952,2023-05-08T18:15:18.611556+01:00,barcode08,?,11923,0,0,394,405,?
8825d68b-b32a-4780-9c22-ac2459e55661,943,2023-05-09T06:20:17.611556+01:00,barcode08,?,11923,0,0,391,406,?
128dfdfb-2386-4513-91cd-c42c53b66ee4,467,2023-05-09T06:30:45.611556+01:00,barcode08,rabv_ea,11923,8941,9324,359,378,RABV_EA
ff1a37db-ee50-4306-b1a7-e81808092312,453,2023-05-09T06:30:46.611556+01:00,barcode08,rabv_ea,11923,2740,3126,354,372,RABV_EA
817b8df7-00db-47eb-ad6d-eadd8ab714ab,969,2023-05-09T06:30:45.611556+01:00,barcode08,?,11923,0,0,389,400,?
ad124368-0229-46c0-91fd-3a3a7624cbbb,363,2023-05-09T06:30:07.611556+01:00,barcode08,*,0,0,0,0,0,*
9f09db38-066b-4244-9942-715ba919424d,1293,2023-05-09T06:30:45.611556+01:00,barcode08,?,11923,0,0,366,383,?
0c8c5e95-34c0-4a26-8020-782c0af8e78e,915,2023-05-08T18:15:32.611556+01:00,barcode08,*,0,0,0,0,0,*
e7be9172-ac9a-4504-bd59-e1342c3ebac8,463,2023-05-09T06:30:04.611556+01:00,barcode08,rabv_ea,11923,6424,6821,366,384,RABV_EA
a90fbb72-a671-4837-9e3d-b0a4e5adedec,516,2023-05-09T06:30:02.611556+01:00,barcode08,rabv_ea,11923,2737,3150,380,398,RABV_EA
fdd31d39-7e64-4e21-a025-72f7c8505c73,468,2023-05-09T06:30:43.611556+01:00,barcode08,rabv_ea,11923,6424,6820,377,389,RABV_EA
f6230445-d92b-4d70-80c3-60c77efd287a,443,2023-05-08T18:15:29.611556+01:00,barcode08,rabv_ea,11923,1864,2247,360,372,RABV_EA
3d6cb960-6855-4782-8637-90a769801448,465,2023-05-08T18:15:30.611556+01:00,barcode08,rabv_ea,11923,6424,6820,359,381,RABV_EA
e85a3128-b680-4959-b481-f34ddbbf7e77,476,2023-05-08T18:15:29.611556+01:00,barcode08,rabv_ea,11923,3062,3456,370,388,RABV_EA
f0ba313f-caac-4b27-aa3f-7d0c7b7f25ca,1080,2023-05-08T18:15:27.611556+01:00,barcode08,?,11923,0,0,385,405,?
3fff737f-66c5-4aa2-af51-b98a743dea37,909,2023-05-08T18:15:29.611556+01:00,barcode08,?,11923,0,0,362,377,?
a036b8a2-c001-41c8-82fa-b0322cab4ad3,536,2023-05-08T19:10:10.611556+01:00,barcode08,rabv_ea,11923,10172,10570,350,383,RABV_EA
b0ea8891-17fc-454a-8193-971c69c7cb40,459,2023-05-08T19:10:13.611556+01:00,barcode08,rabv_ea,11923,11405,11793,348,373,RABV_EA
c7960a56-6e12-42b7-9e25-37926b70fda5,871,2023-05-09T06:30:42.611556+01:00,barcode08,?,11923,0,0,360,378,?
19fd6a84-81fd-4f13-a68f-e0b4514ffb3f,474,2023-05-09T06:30:45.611556+01:00,barcode08,rabv_ea,11923,10176,10576,355,386,RABV_EA
d9813424-8c70-4792-b8d6-734845cc0f4c,881,2023-05-08T19:10:08.611556+01:00,barcode08,?,11923,0,0,384,398,?
7609834c-6462-409f-aed0-593361e20c48,534,2023-05-08T19:10:23.611556+01:00,barcode08,rabv_ea,11923,6424,6828,381,394,RABV_EA
d1bec822-b7b8-4160-addc-af39e204ae93,900,2023-05-08T18:15:28.611556+01:00,barcode08,?,11923,0,0,361,387,?
12bf103c-dbd8-4196-89be-c037573971d6,975,2023-05-08T18:15:18.611556+01:00,barcode08,rabv_ea,11923,9851,10580,671,714,RABV_EA
ba67113b-bad7-4cdc-98a1-1e0e94b5fb59,464,2023-05-08T18:15:26.611556+01:00,barcode08,rabv_ea,11923,3073,3455,349,366,RABV_EA
a982c77b-3e87-4248-a0f9-7ce59cea5b80,860,2023-05-08T18:15:27.611556+01:00,barcode08,?,11923,0,0,370,380,?
94c5dc9c-e9cc-4ff4-88f0-1697a0a47678,449,2023-05-08T18:15:20.611556+01:00,barcode08,rabv_ea,11923,8940,9325,346,372,RABV_EA
f98072af-f719-4274-af3c-90d453acf3a7,456,2023-05-08T18:15:22.611556+01:00,barcode08,rabv_ea,11923,1874,2247,347,361,RABV_EA
475b1775-5c7d-46b8-943e-4f36004d2863,524,2023-05-08T18:15:22.611556+01:00,barcode08,rabv_ea,11923,8927,9325,379,389,RABV_EA
2fe185be-f112-4806-93dd-a5b03421df3e,860,2023-05-08T18:15:27.611556+01:00,barcode08,?,11923,0,0,375,396,?
7a2a380c-21a8-48eb-82ac-1aa650a5d708,441,2023-05-08T18:15:21.611556+01:00,barcode08,rabv_ea,11923,8941,9312,336,354,RABV_EA
137e5578-c955-4d6e-980b-2069349251e9,550,2023-05-08T18:15:21.611556+01:00,barcode08,rabv_ea,11923,10164,10576,389,407,RABV_EA
03273f44-53a4-464c-8945-1705bbd55d94,935,2023-05-08T18:15:28.611556+01:00,barcode08,?,11923,0,0,371,381,?
fa8d7025-0148-494a-a058-0a540cc9979c,592,2023-05-08T18:15:22.611556+01:00,barcode08,?,11923,0,0,364,379,?
af190a8a-0391-41cf-a80a-ae01cf463ed6,357,2023-05-08T18:15:24.611556+01:00,barcode08,?,11923,0,0,143,153,?
6845cbca-0d14-4348-8782-8bb686f614da,887,2023-05-08T19:08:38.611556+01:00,barcode08,?,11923,0,0,391,403,?
4430601f-9da2-481c-8fc6-e901cd880511,257,2023-05-08T18:15:22.611556+01:00,barcode08,*,0,0,0,0,0,*
e4789300-4f80-4dc0-9a1d-36c3965cbb44,850,2023-05-08T18:15:21.611556+01:00,barcode08,?,11923,0,0,353,375,?
ec24780d-bab1-40bd-979f-8d3527f3d881,473,2023-05-08T18:15:31.611556+01:00,barcode08,rabv_ea,11923,5207,5608,373,390,RABV_EA
365d13c1-7a3a-414e-b5c9-657ad2d63484,293,2023-05-08T18:15:21.611556+01:00,barcode08,rabv_ea,11923,5017,5211,184,193,RABV_EA
b5514e50-f221-43f0-8867-ad6a7157623d,609,2023-05-08T18:15:22.611556+01:00,barcode08,rabv_ea,11923,11087,11494,375,392,RABV_EA
5b8483e4-89af-43cc-98b6-f8d762f4f957,891,2023-05-08T18:15:21.611556+01:00,barcode08,?,11923,0,0,377,414,?
4998aa0c-d79a-4204-a4e8-911088d4abf6,458,2023-05-08T19:06:38.611556+01:00,barcode08,rabv_ea,11923,11111,11494,366,376,RABV_EA
21ab3db1-abf8-451d-8df4-28cbbaff3a8a,458,2023-05-08T18:15:16.611556+01:00,barcode08,rabv_ea,11923,11392,11781,365,383,RABV_EA
962c4074-7775-4f10-840a-082acdf99865,516,2023-05-08T18:15:20.611556+01:00,barcode08,rabv_ea,11923,319,708,362,381,RABV_EA
e904c7bd-330b-4482-8048-598d1a2c0538,514,2023-05-08T18:15:22.611556+01:00,barcode08,rabv_ea,11923,10164,10576,358,387,RABV_EA
82875b15-37c4-4b63-a79e-240de85ca47a,1259,2023-05-08T19:06:34.611556+01:00,barcode08,?,11923,0,0,371,385,?
33daea0f-1d66-4395-a5ac-a76d09baab32,470,2023-05-08T18:15:28.611556+01:00,barcode08,rabv_ea,11923,10170,10562,367,387,RABV_EA
7ee5c0e6-5f7f-43a6-8453-ce4525b33223,666,2023-05-08T18:15:21.611556+01:00,barcode08,rabv_ea,11923,9868,10260,337,366,RABV_EA
f5b23f4e-ef5e-4e36-a597-8ffc83c335d1,881,2023-05-08T19:08:10.611556+01:00,barcode08,?,11923,0,0,346,381,?
162b6919-a55b-45b8-8d42-5cf471492f91,1360,2023-05-08T18:15:27.611556+01:00,barcode08,?,11923,0,0,388,409,?
b89de625-960c-478a-9b17-e50c8f5535f3,942,2023-05-08T18:15:28.611556+01:00,barcode08,?,11923,0,0,344,369,?
a7a82758-6064-49e2-871d-132c160b783f,856,2023-05-08T18:15:27.611556+01:00,barcode08,?,11923,0,0,385,404,?
6a167915-5e85-44c6-874d-25859ce52ca5,681,2023-05-08T18:15:21.611556+01:00,barcode08,?,11923,0,0,374,399,?
ce00fbc4-c647-4b6d-87fd-905b43dc576d,464,2023-05-08T18:15:28.611556+01:00,barcode08,rabv_ea,11923,6424,6808,366,380,RABV_EA
82f82dad-664c-4ac2-92c1-88726822ce2f,538,2023-05-09T06:30:28.611556+01:00,barcode08,rabv_ea,11923,6424,6835,397,408,RABV_EA
3a6dfd98-77b0-44db-82a8-e73ae12e9f5e,426,2023-05-09T06:30:23.611556+01:00,barcode08,rabv_ea,11923,1866,2220,321,341,RABV_EA
f2bd0fd4-c437-46e7-bac7-bbd9bcfc3166,526,2023-05-08T19:06:38.611556+01:00,barcode08,rabv_ea,11923,10164,10576,368,398,RABV_EA
20a1d052-8d9d-4d27-9357-f9dba933d213,912,2023-05-08T19:06:36.611556+01:00,barcode08,?,11923,0,0,371,386,?
281fc60e-e7f3-4130-84c0-cef67af66871,693,2023-05-08T19:06:38.611556+01:00,barcode08,?,11923,0,0,339,361,?
56fce73d-c4bf-4225-8593-f1afc237c8a3,732,2023-05-08T19:06:38.611556+01:00,barcode08,?,11923,0,0,368,386,?
5fd85644-d9d3-49b2-b769-6eebeb61fae2,599,2023-05-08T19:06:37.611556+01:00,barcode08,rabv_ea,11923,9852,10263,382,402,RABV_EA
c4bae311-611f-4ca6-9e65-ceaa386968eb,514,2023-05-08T18:15:30.611556+01:00,barcode08,rabv_ea,11923,1870,2256,338,360,RABV_EA
13252c01-a543-4371-9b61-19e819c47ed8,219,2023-05-09T06:30:27.611556+01:00,barcode08,rabv_ea,11923,10164,10349,164,172,RABV_EA
16ec7f63-3d78-43f0-ac54-a09665eb751f,473,2023-05-08T18:15:20.611556+01:00,barcode08,rabv_ea,11923,10178,10576,349,385,RABV_EA
39360442-63e5-4134-a2c3-75dbc9c5a64f,457,2023-05-08T19:06:41.611556+01:00,barcode08,rabv_ea,11923,6424,6818,377,387,RABV_EA
f60c2601-714b-45d0-a239-34716d68489e,495,2023-05-08T18:15:16.611556+01:00,barcode08,rabv_ea,11923,5014,5300,262,279,RABV_EA
111402ad-c3f5-4988-8518-b230f86e6c5d,528,2023-05-08T18:15:11.611556+01:00,barcode08,?,11923,0,0,330,350,?
09917cc0-3a11-4fb5-8037-aa3bb5627088,299,2023-05-08T18:15:16.611556+01:00,barcode08,*,0,0,0,0,0,*
f988561d-8df2-44b6-9869-b82f5d896593,286,2023-05-08T18:15:29.611556+01:00,barcode08,*,0,0,0,0,0,*
656283ec-1093-41be-ad1c-fc0d453f794c,639,2023-05-08T18:15:30.611556+01:00,barcode08,?,11923,0,0,355,384,?
8810824d-c18e-4a96-886e-92369d6e537c,520,2023-05-09T06:31:01.611556+01:00,barcode08,rabv_ea,11923,10172,10576,342,382,RABV_EA
729f7ce5-cb63-4d43-b559-bbe015c03451,918,2023-05-08T18:15:10.611556+01:00,barcode08,?,11923,0,0,392,410,?
2d093453-ed4a-4f6d-af52-66123ec1da5d,521,2023-05-09T06:31:06.611556+01:00,barcode08,rabv_ea,11923,3386,3789,367,394,RABV_EA
b0991d4c-47db-4246-a7a1-9d06a018b23f,466,2023-05-09T06:30:25.611556+01:00,barcode08,rabv_ea,11923,11111,11455,319,334,RABV_EA
d9ce94d3-e7a4-4619-afa4-308c97e51594,533,2023-05-08T18:15:15.611556+01:00,barcode08,rabv_ea,11923,10164,10576,371,401,RABV_EA
1a5b8f4d-c652-473a-94c0-ab8ec6f7c2a3,853,2023-05-09T06:30:30.611556+01:00,barcode08,?,11923,0,0,358,384,?
f3c063a3-bb01-4a0c-977a-7169108cb37d,313,2023-05-09T06:31:11.611556+01:00,barcode08,rabv_ea,11923,11255,11489,214,229,RABV_EA
d0e3ef1e-a36d-4bef-a24b-dc0f87e038de,520,2023-05-08T18:15:29.611556+01:00,barcode08,rabv_ea,11923,11096,11487,359,375,RABV_EA
f4064480-f644-4ab8-88f8-52f91ed05141,510,2023-05-09T06:31:01.611556+01:00,barcode08,rabv_ea,11923,10187,10576,354,377,RABV_EA
20633452-197e-4c43-bf06-0cf7c9180495,1271,2023-05-08T18:15:09.611556+01:00,barcode08,?,11923,0,0,399,413,?
a990549c-ef6b-4c58-ae88-2c29bd540888,280,2023-05-09T06:30:32.611556+01:00,barcode08,rabv_ea,11923,613,735,110,113,RABV_EA
0f81a5f2-92ee-4946-b9e3-f49e041e2ef5,180,2023-05-09T06:31:11.611556+01:00,barcode08,rabv_ea,11923,11392,11494,94,99,RABV_EA
b520ce46-2eeb-43c7-adb9-315efac34e7a,921,2023-05-09T06:31:04.611556+01:00,barcode08,?,11923,0,0,379,400,?
60de856b-80a4-4adc-857e-79dcdb577c00,466,2023-05-08T18:15:30.611556+01:00,barcode08,rabv_ea,11923,6424,6820,377,390,RABV_EA
0c017470-5eff-4d34-bd81-4548d14d2402,527,2023-05-08T18:15:30.611556+01:00,barcode08,rabv_ea,11923,10170,10576,378,394,RABV_EA
fb3ded98-99ee-4011-8b6a-092b9313c560,869,2023-05-08T18:15:09.611556+01:00,barcode08,rabv_ea,11923,9862,10567,635,674,RABV_EA
fbf046e1-bda3-4f88-b88f-48e91357c282,1271,2023-05-08T18:15:07.611556+01:00,barcode08,?,11923,0,0,374,401,?
38dc4a38-d3c8-41da-afb0-6000b8b791ad,689,2023-05-09T06:31:08.611556+01:00,barcode08,?,11923,0,0,360,383,?
268f7d8f-3bfd-4637-85c6-629307939b65,471,2023-05-08T18:15:14.611556+01:00,barcode08,rabv_ea,11923,614,1018,379,397,RABV_EA
64d1fdd7-29fc-4d1d-be00-6e3421b92c4a,529,2023-05-09T06:30:31.611556+01:00,barcode08,rabv_ea,11923,4894,5299,378,396,RABV_EA
d6871fef-87a9-4dc5-9978-a45101be0cc7,948,2023-05-09T06:31:04.611556+01:00,barcode08,?,11923,0,0,370,390,?
d4fa646b-264e-4ea2-863a-f94b30903ad6,925,2023-05-08T18:15:08.611556+01:00,barcode08,?,11923,0,0,375,402,?
d306fdb8-102c-48a8-88a3-c309e4835e70,913,2023-05-08T18:15:30.611556+01:00,barcode08,?,11923,0,0,378,389,?
a9364b43-1bd7-46c7-b5db-739166314085,446,2023-05-08T18:15:08.611556+01:00,barcode08,rabv_ea,11923,939,1319,359,371,RABV_EA
690dcfba-56ec-4492-ad33-fcce916dcc72,463,2023-05-08T18:15:08.611556+01:00,barcode08,rabv_ea,11923,10164,10561,368,391,RABV_EA
5bf4e960-d504-4d10-9553-35325c21c066,225,2023-05-09T06:30:24.611556+01:00,barcode08,*,0,0,0,0,0,*
c8d9ccff-11dd-4c46-a79f-80a1291fb89b,847,2023-05-09T06:31:09.611556+01:00,barcode08,?,11923,0,0,366,384,?
55b4e0f9-a281-4545-a0a7-0c0228065fe4,474,2023-05-08T18:15:11.611556+01:00,barcode08,rabv_ea,11923,4626,5036,379,402,RABV_EA
1ed8ca1e-0737-4f73-8d61-5ebfedd4c0e4,904,2023-05-08T18:15:23.611556+01:00,barcode08,?,11923,0,0,362,380,?
37e35f6e-b546-4ac2-ae2e-f21c67358fc4,555,2023-05-09T06:30:26.611556+01:00,barcode08,?,11923,0,0,362,381,?
43e77344-be72-48a4-84c6-e19859d5e1e6,500,2023-05-08T18:15:08.611556+01:00,barcode08,rabv_ea,11923,323,709,347,362,RABV_EA
80e509dd-a18f-49a8-9469-c386c2de3aa6,866,2023-05-08T18:15:12.611556+01:00,barcode08,?,11923,0,0,387,404,?
f316cd6e-76cf-4337-a0cb-d54cbde97585,733,2023-05-08T18:15:13.611556+01:00,barcode08,rabv_ea,11923,1873,2247,324,348,RABV_EA
08a11021-d9c6-4dce-ad0b-c44e04ac1c4e,846,2023-05-08T18:15:12.611556+01:00,barcode08,?,11923,0,0,386,393,?
ac5dadad-6b82-44c0-a8df-bfcc0d7b6a3e,764,2023-05-08T18:15:14.611556+01:00,barcode08,?,11923,0,0,384,399,?
0c091435-ed71-43c9-a705-3290b3044d6f,440,2023-05-08T18:15:27.611556+01:00,barcode08,rabv_ea,11923,319,696,329,352,RABV_EA
a010d9be-a5fb-4333-ba32-d5cecf8fc3f1,405,2023-05-08T18:15:14.611556+01:00,barcode08,rabv_ea,11923,1866,2215,298,322,RABV_EA
d137bf92-3860-4528-b0f1-5022997f65fc,507,2023-05-08T18:15:20.611556+01:00,barcode08,rabv_ea,11923,10164,10570,369,391,RABV_EA
6110713b-0496-468e-b809-b17f45c03926,519,2023-05-08T18:15:10.611556+01:00,barcode08,rabv_ea,11923,11096,11494,375,392,RABV_EA
2020dfae-8939-407e-bf1b-3e980d8e3cb6,1649,2023-05-08T18:15:10.611556+01:00,barcode08,?,11923,0,0,399,407,?
b7aa8341-3e65-4efa-8a9a-f218d5e5ce54,465,2023-05-09T06:31:31.611556+01:00,barcode08,*,0,0,0,0,0,*
67b6fb4c-3e03-4cd8-9517-f7e502f27c3f,1244,2023-05-08T18:15:28.611556+01:00,barcode08,?,11923,0,0,376,395,?
c67a060f-4afe-4f40-97f7-1add27124baa,1457,2023-05-08T18:15:13.611556+01:00,barcode08,*,0,0,0,0,0,*
cb34eabe-01ab-428d-818a-edde6a19c28f,844,2023-05-08T18:15:08.611556+01:00,barcode08,rabv_ea,11923,319,1319,709,753,RABV_EA
a65ccbfa-9a7f-4005-80dc-04060884537c,459,2023-05-08T18:15:28.611556+01:00,barcode08,rabv_ea,11923,11111,11494,362,375,RABV_EA
32763c43-c330-4ce7-8a72-56d49fb88a25,538,2023-05-08T18:15:25.611556+01:00,barcode08,rabv_ea,11923,10164,10576,377,406,RABV_EA
a915f1dd-7257-4e51-a045-09090235d182,476,2023-05-08T18:15:28.611556+01:00,barcode08,rabv_ea,11923,3062,3459,378,394,RABV_EA
8237ecf6-4ae9-4a11-86fd-2b65843634ab,463,2023-05-08T18:15:31.611556+01:00,barcode08,rabv_ea,11923,10167,10561,345,377,RABV_EA
cac0ba39-6e35-4189-9101-d47b30b5ea50,546,2023-05-08T18:15:12.611556+01:00,barcode08,rabv_ea,11923,10187,10576,361,387,RABV_EA
130f9c4d-dff6-4a71-b420-f343628f2a7f,470,2023-05-08T18:15:15.611556+01:00,barcode08,rabv_ea,11923,319,710,365,384,RABV_EA
b876fe29-15a6-4842-887a-19bdbb842735,2900,2023-05-08T18:15:02.611556+01:00,barcode08,rabv_ea,11923,2445,2846,368,394,RABV_EA
1cf7d08d-eb8e-4395-b4f0-9310748ebfd2,341,2023-05-08T18:15:29.611556+01:00,barcode08,rabv_ea,11923,3062,3252,184,189,RABV_EA
120b47fb-aab4-41fd-9a10-cdb9a6546b55,524,2023-05-08T18:15:25.611556+01:00,barcode08,rabv_ea,11923,5075,5275,189,200,RABV_EA
53078a68-8862-4211-9b5f-5b84e6ad1f66,550,2023-05-09T06:30:41.611556+01:00,barcode08,rabv_ea,11923,10164,10573,363,393,RABV_EA
b7108272-84f4-41de-8a24-dd4b599d8ae5,619,2023-05-09T06:30:40.611556+01:00,barcode08,?,11923,0,0,374,388,?
850a25fc-c26e-482a-971d-48d3ff5504dc,1345,2023-05-08T18:15:11.611556+01:00,barcode08,?,11923,0,0,391,402,?
cfe3f469-5450-4453-a98f-25ac51980222,506,2023-05-08T18:15:08.611556+01:00,barcode08,rabv_ea,11923,9851,10263,375,390,RABV_EA
ce3c49cd-2390-4e43-9a45-45148129ae77,652,2023-05-09T06:30:40.611556+01:00,barcode08,rabv_ea,11923,11097,11492,344,369,RABV_EA
048f2e02-304c-47a4-8191-4d9a9dc5ace4,307,2023-05-08T18:15:08.611556+01:00,barcode08,rabv_ea,11923,5508,5750,224,236,RABV_EA
cc44829e-4d6e-4e2d-abb4-60de773e490b,459,2023-05-08T18:15:29.611556+01:00,barcode08,rabv_ea,11923,9851,10244,364,383,RABV_EA
ed772b75-0f61-42ce-8f96-1d3e1eb8a94d,464,2023-05-08T18:15:15.611556+01:00,barcode08,rabv_ea,11923,5196,5596,352,381,RABV_EA
0bf3255b-002d-4d13-8276-810152ba28bc,512,2023-05-08T18:15:24.611556+01:00,barcode08,rabv_ea,11923,11107,11487,327,355,RABV_EA
ac3bb3fa-d162-4cf0-a76b-1d27030a959f,2047,2023-05-08T18:15:20.611556+01:00,barcode08,?,11923,0,0,375,384,?
bc40a5dd-6a83-49fc-8fb2-e33fd7177eb3,940,2023-05-08T18:15:09.611556+01:00,barcode08,?,11923,0,0,399,417,?
125b4bfe-e416-4514-8f13-bafc699d887d,824,2023-05-08T18:15:09.611556+01:00,barcode08,?,11923,0,0,355,371,?
adafa90a-387d-432b-8056-4dc686963e69,315,2023-05-08T18:15:10.611556+01:00,barcode08,rabv_ea,11923,5022,5222,186,198,RABV_EA
c47aab68-0cc1-4aab-b02c-2170d69a8651,451,2023-05-09T06:30:41.611556+01:00,barcode08,rabv_ea,11923,1864,2246,357,375,RABV_EA
6703467a-1936-492b-a1e9-0886952b81e5,1653,2023-05-08T18:15:18.611556+01:00,barcode08,?,11923,0,0,385,400,?
67ff2b8b-ae7b-40ab-bbb4-163a27355575,462,2023-05-08T18:15:08.611556+01:00,barcode08,rabv_ea,11923,11111,11492,363,375,RABV_EA
4bf7eac9-9411-49b4-a49e-5034a8043107,474,2023-05-08T18:15:15.611556+01:00,barcode08,rabv_ea,11923,10164,10561,362,389,RABV_EA
0fbdd0c0-b506-48c3-bb45-4e91cebe4024,465,2023-05-08T18:15:13.611556+01:00,barcode08,rabv_ea,11923,10168,10562,366,389,RABV_EA
586ddc6d-c424-41b7-ad2d-5610d4c72190,884,2023-05-08T18:15:11.611556+01:00,barcode08,?,11923,0,0,354,399,?
a2004d97-732d-4efb-ba40-a544d228a76c,433,2023-05-09T06:31:34.611556+01:00,barcode08,rabv_ea,11923,1864,2248,350,363,RABV_EA
eb725907-354a-4af2-814f-32659e02c41d,463,2023-05-08T18:15:27.611556+01:00,barcode08,rabv_ea,11923,6424,6820,365,384,RABV_EA
ec1ee8b3-46e2-46e6-8949-8738334a6a1b,352,2023-05-08T18:15:14.611556+01:00,barcode08,rabv_ea,11923,11212,11494,267,280,RABV_EA
27e0d08c-e05f-433f-8a3f-4d6828589772,452,2023-05-08T18:15:07.611556+01:00,barcode08,rabv_ea,11923,5196,5589,336,361,RABV_EA
e52c53ce-8a36-4fe7-b8b3-5e2ebd872df6,453,2023-05-08T18:15:04.611556+01:00,barcode08,rabv_ea,11923,3062,3457,352,368,RABV_EA
1746f242-1bbd-422c-a6bc-aa64241997f8,446,2023-05-08T18:15:11.611556+01:00,barcode08,rabv_ea,11923,9851,10247,344,370,RABV_EA
aa9d3281-45e1-4e40-b85a-466ca9a23fd1,473,2023-05-09T06:31:34.611556+01:00,barcode08,rabv_ea,11923,10164,10561,360,390,RABV_EA
dc70cdde-1a10-4e13-a71b-be8e90bb6798,494,2023-05-09T06:31:34.611556+01:00,barcode08,rabv_ea,11923,1948,2250,284,295,RABV_EA
daef60a7-a486-44ed-bdf6-1368a1ce2ad5,468,2023-05-08T18:15:12.611556+01:00,barcode08,rabv_ea,11923,3402,3791,375,386,RABV_EA
0cdd0c83-dced-416d-b103-1bec46f8e6cf,443,2023-05-08T18:15:17.611556+01:00,barcode08,rabv_ea,11923,319,679,323,346,RABV_EA
fa2fb0a4-449b-4204-aacf-ba092e231a10,1290,2023-05-08T18:15:15.611556+01:00,barcode08,?,11923,0,0,363,383,?
583b4381-7231-4029-b731-70e8b21c17b4,544,2023-05-08T18:15:08.611556+01:00,barcode08,rabv_ea,11923,4626,5055,382,412,RABV_EA
48a232e2-93ee-4dc3-a71d-85a19051a43b,434,2023-05-08T18:15:13.611556+01:00,barcode08,rabv_ea,11923,942,1321,333,358,RABV_EA
4b3c0181-113f-48ea-9e8e-9d6ec56025e8,1286,2023-05-08T18:15:25.611556+01:00,barcode08,?,11923,0,0,394,406,?
a7ef563e-5b0d-4960-aa7e-9283bdf37b88,906,2023-05-09T06:31:33.611556+01:00,barcode08,?,11923,0,0,333,373,?
2f09bb6c-d53f-47be-bc8d-7f8be5ae4207,522,2023-05-09T06:31:36.611556+01:00,barcode08,rabv_ea,11923,10172,10575,341,379,RABV_EA
052514f0-0b8a-4d34-bcc1-c1398dc5861b,190,2023-05-09T06:31:35.611556+01:00,barcode08,rabv_ea,11923,9851,9982,123,127,RABV_EA
82fbdfd6-06d6-416c-9708-31bc5b2161e4,459,2023-05-08T18:15:25.611556+01:00,barcode08,rabv_ea,11923,11393,11780,359,375,RABV_EA
f6ab97ae-6919-4a12-a2d8-fdbfe11fd129,461,2023-05-08T18:15:19.611556+01:00,barcode08,rabv_ea,11923,1870,2249,355,370,RABV_EA
5c906f16-1b4b-429a-ac28-e46647607322,528,2023-05-08T18:15:24.611556+01:00,barcode08,rabv_ea,11923,10164,10570,353,389,RABV_EA
23e103c9-2640-474c-9633-857e2fd8ffed,458,2023-05-08T18:15:27.611556+01:00,barcode08,rabv_ea,11923,3071,3458,361,377,RABV_EA
ed452984-4891-4777-8967-517b9057d76a,485,2023-05-08T18:15:27.611556+01:00,barcode08,rabv_ea,11923,10175,10563,350,377,RABV_EA
1c1f6da5-ed6a-4690-8289-e9f68f843f0f,538,2023-05-08T18:15:10.611556+01:00,barcode08,rabv_ea,11923,9851,10263,380,405,RABV_EA
ae2bb359-cab9-4180-a32c-eb6269f7a53f,585,2023-05-08T18:15:21.611556+01:00,barcode08,?,11923,0,0,215,233,?
ae4cfb32-a1bc-4ef0-b154-90fd58112803,431,2023-05-08T18:15:15.611556+01:00,barcode08,rabv_ea,11923,10165,10558,329,360,RABV_EA
8391732e-43e4-4393-b38d-28c094abd781,533,2023-05-09T06:31:46.611556+01:00,barcode08,rabv_ea,11923,11391,11794,382,399,RABV_EA
0180a595-f9a5-4246-bb13-c909d98fd3a7,467,2023-05-09T06:30:51.611556+01:00,barcode08,rabv_ea,11923,10164,10556,342,377,RABV_EA
c8a6e9b0-584a-4339-bb19-550f048867ab,463,2023-05-08T18:15:11.611556+01:00,barcode08,rabv_ea,11923,9869,10263,369,386,RABV_EA
1d76f5e5-b6e7-4601-8c0f-63ec27be66a3,212,2023-05-08T18:15:05.611556+01:00,barcode08,rabv_ea,11923,3066,3195,123,129,RABV_EA
a82a477e-cd1b-465e-99db-6d3dfe4d4683,455,2023-05-08T18:15:19.611556+01:00,barcode08,rabv_ea,11923,9536,9926,354,372,RABV_EA
2c862d5b-f2a6-42a0-8ed0-881e1fc07820,550,2023-05-09T06:31:33.611556+01:00,barcode08,rabv_ea,11923,10164,10573,369,402,RABV_EA
8cb4dc2d-19d9-4e7a-83ef-76027a1e0a63,888,2023-05-09T06:31:40.611556+01:00,barcode08,?,11923,0,0,371,389,?
c9246fa2-e886-46dd-9e32-813a3b90fea0,300,2023-05-09T06:31:32.611556+01:00,barcode08,rabv_ea,11923,10164,10393,214,223,RABV_EA
82b273ab-a7c5-41b3-ad6e-703db2070a11,230,2023-05-09T06:31:33.611556+01:00,barcode08,rabv_ea,11923,10398,10576,157,170,RABV_EA
a65598cc-3ae2-4fb2-a610-176dce61a068,1257,2023-05-08T18:15:14.611556+01:00,barcode08,?,11923,0,0,393,403,?
1e802238-33e4-4d0c-b55c-7fec20facfd9,1160,2023-05-08T18:15:16.611556+01:00,barcode08,?,11923,0,0,375,396,?
eed3d8fa-9023-4726-8d31-3d253e76e694,849,2023-05-09T06:31:40.611556+01:00,barcode08,?,11923,0,0,351,369,?
412f0dc7-7e5c-4cc0-a07c-3fc50700eedb,618,2023-05-09T06:31:46.611556+01:00,barcode08,rabv_ea,11923,328,686,324,347,RABV_EA
ec319abb-01fc-4ec2-b038-33af58bf9d6a,869,2023-05-09T06:31:38.611556+01:00,barcode08,?,11923,0,0,393,404,?
c4f64ddc-e554-4389-a39a-c3280e751359,523,2023-05-08T18:15:19.611556+01:00,barcode08,rabv_ea,11923,10164,10556,356,383,RABV_EA
2811f909-f96f-4e43-8625-2aa9f4407e3e,460,2023-05-09T06:31:41.611556+01:00,barcode08,rabv_ea,11923,11110,11488,336,358,RABV_EA
a4f49a02-d969-4e90-ae6b-bd83d44a7fce,537,2023-05-08T18:15:22.611556+01:00,barcode08,rabv_ea,11923,9851,10263,385,404,RABV_EA
67982233-775e-44fe-a9e8-2f5aebb7040d,393,2023-05-09T06:31:41.611556+01:00,barcode08,*,0,0,0,0,0,*
d0d930cb-fd04-4079-962c-73a3e50c006a,526,2023-05-08T18:15:22.611556+01:00,barcode08,rabv_ea,11923,11096,11494,379,394,RABV_EA
6fa4628d-3b28-4a72-9ee5-f36c7f23385e,878,2023-05-08T18:15:18.611556+01:00,barcode08,?,11923,0,0,373,386,?
617af17e-ddbc-477f-88f2-e75f19e8f7a8,836,2023-05-09T06:30:49.611556+01:00,barcode08,*,0,0,0,0,0,*
43d85521-0d18-437f-b8ea-453a68788522,884,2023-05-08T18:15:20.611556+01:00,barcode08,?,11923,0,0,351,365,?
e95f892f-5271-4a69-9bfd-6cb85d643c9d,816,2023-05-08T18:15:18.611556+01:00,barcode08,?,11923,0,0,375,396,?
ea478d37-5946-407f-a592-e9d2ff48f40b,169,2023-05-09T06:30:52.611556+01:00,barcode08,*,0,0,0,0,0,*
7a30c672-4d33-4b34-872e-ead3dabddbe0,370,2023-05-08T18:15:17.611556+01:00,barcode08,rabv_ea,11923,3200,3458,247,253,RABV_EA
0700ff7c-6d62-4679-af01-e38fdd73852d,470,2023-05-08T18:15:12.611556+01:00,barcode08,rabv_ea,11923,630,1034,354,384,RABV_EA
daac635d-8884-4488-ad3c-033d8d07fe6c,511,2023-05-08T18:15:21.611556+01:00,barcode08,rabv_ea,11923,3390,3789,375,387,RABV_EA
4f711ad4-9465-427a-a887-0a9c0346d3e1,458,2023-05-08T18:15:19.611556+01:00,barcode08,rabv_ea,11923,9872,10252,348,368,RABV_EA
0d6b4eb1-55be-411b-be85-e1a94dfab4c7,621,2023-05-08T18:15:18.611556+01:00,barcode08,rabv_ea,11923,328,685,330,348,RABV_EA
2d05eb88-ef8b-482d-9749-47fd995587c8,455,2023-05-08T18:15:16.611556+01:00,barcode08,rabv_ea,11923,319,695,346,369,RABV_EA
45de7f1d-dba1-4cb5-afec-34995fae844c,1149,2023-05-08T18:15:15.611556+01:00,barcode08,?,11923,0,0,365,393,?
2432129b-6597-4a9f-a832-67b1e0fa2935,541,2023-05-08T18:15:17.611556+01:00,barcode08,rabv_ea,11923,10164,10576,366,403,RABV_EA
68f8faa4-d69a-40f0-b4d4-1d075f136e24,541,2023-05-09T06:31:38.611556+01:00,barcode08,rabv_ea,11923,1874,2262,368,382,RABV_EA
32d7de55-934c-4f5f-b0b3-eeff84e0c68a,218,2023-05-09T06:31:39.611556+01:00,barcode08,rabv_ea,11923,1513,1606,89,90,RABV_EA
912bcf29-1c28-4e18-9635-5695c5143194,209,2023-05-08T18:15:20.611556+01:00,barcode08,rabv_ea,11923,10164,10235,65,70,RABV_EA
425dba46-0527-4723-bd14-15f2f76b9be2,514,2023-05-08T18:15:07.611556+01:00,barcode08,rabv_ea,11923,4626,5051,377,398,RABV_EA
34f0e8a4-e9ae-4a4c-a456-2355196d377a,539,2023-05-08T18:15:17.611556+01:00,barcode08,rabv_ea,11923,10164,10568,354,389,RABV_EA
f3170096-9937-4f6a-9db5-b8e48118bd6c,528,2023-05-08T18:15:05.611556+01:00,barcode08,rabv_ea,11923,6424,6827,384,394,RABV_EA
2198d4e5-4050-4e2e-bd0e-fc8700f054d4,862,2023-05-08T18:15:11.611556+01:00,barcode08,?,11923,0,0,371,384,?
1d353a86-d6b8-4eb0-aacd-470a16b9a7dc,526,2023-05-09T06:31:41.611556+01:00,barcode08,rabv_ea,11923,319,711,361,381,RABV_EA
be5e68ee-e956-44eb-b5bc-748c1a573aad,838,2023-05-09T06:31:37.611556+01:00,barcode08,?,11923,0,0,341,377,?
3306733c-9370-49f7-99eb-23781f7ffe0e,213,2023-05-08T18:15:22.611556+01:00,barcode08,rabv_ea,11923,4281,4422,126,134,RABV_EA
55c5c974-2318-4e18-872a-056463bfe606,454,2023-05-08T18:15:20.611556+01:00,barcode08,rabv_ea,11923,3070,3451,332,362,RABV_EA
4ccf7633-d3e3-48eb-b990-b1258d556fe5,680,2023-05-08T18:15:02.611556+01:00,barcode08,rabv_ea,11923,9539,9940,378,394,RABV_EA
ad2485a5-5d70-4831-a7fb-0afa637874da,447,2023-05-08T18:15:06.611556+01:00,barcode08,rabv_ea,11923,11111,11494,350,367,RABV_EA
42ffdab8-7054-4dbb-9717-fc64572bab4f,432,2023-05-08T18:15:05.611556+01:00,barcode08,rabv_ea,11923,336,707,346,357,RABV_EA
37f6e1d1-3a03-48e9-8cc3-ca13f4da1cbe,521,2023-05-08T18:15:12.611556+01:00,barcode08,rabv_ea,11923,11096,11480,352,367,RABV_EA
7fd8fe06-93bc-4c0e-bfa3-d50b0cba42c5,1306,2023-05-08T18:15:10.611556+01:00,barcode08,?,11923,0,0,354,377,?
f1e98acd-cfae-44d2-ac9c-24752b4a358c,879,2023-05-08T18:15:05.611556+01:00,barcode08,?,11923,0,0,385,393,?
49e402ae-450c-492d-a791-048e3e6f1a44,498,2023-05-08T18:15:04.611556+01:00,barcode08,rabv_ea,11923,8939,9325,360,380,RABV_EA
c07cd227-77f2-4faf-94aa-4038546320e2,517,2023-05-08T18:15:06.611556+01:00,barcode08,rabv_ea,11923,10164,10580,376,402,RABV_EA
59f92e13-7d85-4d2f-ae7f-ef4e6ad0f243,526,2023-05-08T18:15:12.611556+01:00,barcode08,rabv_ea,11923,10170,10573,358,387,RABV_EA
f028b7fb-09f3-4db4-8b95-55894ae20b48,525,2023-05-08T18:15:07.611556+01:00,barcode08,rabv_ea,11923,1864,2261,368,386,RABV_EA
31d7ca5a-0934-4841-8f86-bca42a3ffaa5,422,2023-05-08T18:15:08.611556+01:00,barcode08,?,11923,0,0,149,153,?
c25ed24a-e653-428a-a3b8-bfc473f825ec,536,2023-05-08T18:15:05.611556+01:00,barcode08,rabv_ea,11923,10164,10576,363,397,RABV_EA
4a50a051-9d58-4a80-8e0e-046f90e1ace0,532,2023-05-08T18:15:14.611556+01:00,barcode08,rabv_ea,11923,8929,9316,345,367,RABV_EA
5b3768d6-ce46-4874-961e-fe58fa08ef47,1264,2023-05-08T18:15:03.611556+01:00,barcode08,?,11923,0,0,306,316,?
0a4ff5a4-01d5-4186-922e-03166f4a7cba,462,2023-05-08T18:15:04.611556+01:00,barcode08,rabv_ea,11923,319,696,360,372,RABV_EA
15a2ce80-79b6-44ee-9bdd-c6c255b98397,1340,2023-05-08T18:15:04.611556+01:00,barcode08,?,11923,0,0,386,399,?
665994d3-b2d5-4913-a2e9-b4b8ec9ade0c,541,2023-05-08T18:15:15.611556+01:00,barcode08,rabv_ea,11923,9851,10263,385,406,RABV_EA
2e18be56-efc8-457e-960f-92b4524a2b73,1736,2023-05-08T18:15:08.611556+01:00,barcode08,?,11923,0,0,369,394,?
de924824-93db-4e4f-bf4e-e64533d6e281,479,2023-05-08T18:15:10.611556+01:00,barcode08,rabv_ea,11923,10164,10562,356,389,RABV_EA
d96981f7-0a05-446f-b5fe-abf33d3e857a,219,2023-05-09T06:31:58.611556+01:00,barcode08,rabv_ea,11923,11345,11484,127,136,RABV_EA
1f9208fb-7340-44bd-9c2a-584baaf8cd63,368,2023-05-09T06:32:09.611556+01:00,barcode08,rabv_ea,11923,9040,9318,245,258,RABV_EA
f6522b67-fe00-4c8f-a5ac-9b3883a64c14,470,2023-05-09T06:31:54.611556+01:00,barcode08,*,0,0,0,0,0,*
13ceba34-8160-46d2-8780-9bcb321608e4,520,2023-05-09T06:31:57.611556+01:00,barcode08,rabv_ea,11923,10164,10576,367,392,RABV_EA
aaa73432-cb58-4a55-8f53-11e8078cf83c,899,2023-05-08T18:15:06.611556+01:00,barcode08,?,11923,0,0,377,392,?
867850d6-d4ae-4756-8233-ba6bb7475e2a,840,2023-05-08T18:15:07.611556+01:00,barcode08,?,11923,0,0,364,383,?
c88c6805-59d2-4efd-bc7e-a2d7ee62e1ce,476,2023-05-08T18:15:07.611556+01:00,barcode08,rabv_ea,11923,10164,10563,376,397,RABV_EA
6c23223d-aee4-4ce7-ac08-feb3f9375747,400,2023-05-09T06:32:10.611556+01:00,barcode08,rabv_ea,11923,10240,10552,273,304,RABV_EA
34d5ea23-d4e3-4f00-b303-be47961075c5,563,2023-05-09T06:31:55.611556+01:00,barcode08,rabv_ea,11923,3385,3787,377,396,RABV_EA
7fc3eeb8-81db-480c-b62c-331f12762757,464,2023-05-09T06:31:57.611556+01:00,barcode08,rabv_ea,11923,10164,10560,364,385,RABV_EA
d59f0338-e5ce-40c3-aaaa-9dabdba727a3,510,2023-05-09T06:32:01.611556+01:00,barcode08,rabv_ea,11923,11096,11494,372,385,RABV_EA
4c1e4f83-b8ef-4cb3-b388-9fff8c5e3dfd,633,2023-05-08T18:15:07.611556+01:00,barcode08,?,11923,0,0,357,367,?
d88c5b28-d60c-47d5-99cc-e0d219e3458d,259,2023-05-08T18:15:15.611556+01:00,barcode08,rabv_ea,11923,6133,6191,58,58,RABV_EA
3f81f731-cfed-46f7-9b06-eb71bc78b12c,536,2023-05-09T06:32:02.611556+01:00,barcode08,rabv_ea,11923,10164,10572,357,396,RABV_EA
0a449a18-6337-4dcc-8aa6-0406b4b662e2,851,2023-05-08T18:15:09.611556+01:00,barcode08,?,11923,0,0,375,388,?
aeaf95c7-d56e-4e61-b55e-6c80e654aeef,468,2023-05-09T06:31:54.611556+01:00,barcode08,rabv_ea,11923,11405,11792,352,372,RABV_EA
17827b7d-dadc-4c6c-bce9-89e852673e76,546,2023-05-09T06:32:12.611556+01:00,barcode08,rabv_ea,11923,9856,10263,378,395,RABV_EA
8937d444-1809-4d67-be19-b88187e8c121,330,2023-05-09T06:32:10.611556+01:00,barcode08,rabv_ea,11923,3063,3243,158,167,RABV_EA
ed2ca8ba-5088-49f8-ba6b-1ede4a31d700,465,2023-05-09T06:31:49.611556+01:00,barcode08,rabv_ea,11923,10164,10494,287,314,RABV_EA
5129da80-d6c7-4c2a-ad00-2d9a2c021b60,501,2023-05-09T06:31:53.611556+01:00,barcode08,rabv_ea,11923,327,709,339,360,RABV_EA
d0c5c513-75a3-480b-be12-3312787d4c96,535,2023-05-08T18:15:10.611556+01:00,barcode08,rabv_ea,11923,11097,11493,364,381,RABV_EA
004ce41c-a1ef-4b19-a26c-5edeba89523b,876,2023-05-08T18:15:10.611556+01:00,barcode08,?,11923,0,0,380,391,?
26064782-f52d-4500-ade5-e3e9d9341448,457,2023-05-09T06:31:50.611556+01:00,barcode08,rabv_ea,11923,58,444,350,369,RABV_EA
724afed8-36cc-42fb-be5e-c0a1eb7ea846,541,2023-05-08T18:15:11.611556+01:00,barcode08,rabv_ea,11923,10172,10576,362,388,RABV_EA
9f185181-73a5-401b-b0f5-d60c8ff9516b,1968,2023-05-08T18:15:04.611556+01:00,barcode08,?,11923,0,0,386,405,?
66dde3d6-bd34-4ff2-aae1-8cbf9695d8c3,536,2023-05-09T06:32:08.611556+01:00,barcode08,rabv_ea,11923,9851,10263,399,408,RABV_EA
715fa484-6b19-45f6-8421-3c680889f28c,622,2023-05-09T06:32:06.611556+01:00,barcode08,rabv_ea,11923,11099,11494,366,383,RABV_EA
c68f5fd8-be89-4504-8f3b-147ae5d93cfb,455,2023-05-09T06:31:55.611556+01:00,barcode08,rabv_ea,11923,3062,3456,351,368,RABV_EA
328de9f7-30e3-440b-90c2-1c90c1304d90,888,2023-05-08T18:15:03.611556+01:00,barcode08,?,11923,0,0,354,373,?
e1c1ef42-885e-45fe-84dc-c9667dd1c49e,537,2023-05-09T06:31:51.611556+01:00,barcode08,rabv_ea,11923,10164,10576,382,406,RABV_EA
d257dbed-fff8-4bc3-a29f-1f3d1fa1535a,1063,2023-05-08T18:15:06.611556+01:00,barcode08,?,11923,0,0,380,396,?
984a1b35-42cd-4369-b42a-b065cc73d9ee,1248,2023-05-08T18:15:02.611556+01:00,barcode08,?,11923,0,0,388,399,?
e7d705cd-1a21-4d56-9adf-dbcf0fb17453,248,2023-05-08T18:15:07.611556+01:00,barcode08,*,0,0,0,0,0,*
5140001d-1716-4113-913d-54a6e0a41989,522,2023-05-08T18:15:06.611556+01:00,barcode08,rabv_ea,11923,1864,2248,361,372,RABV_EA
406c18ff-9c51-41f9-9ebb-6219d3acee6e,1669,2023-05-08T18:15:04.611556+01:00,barcode08,?,11923,0,0,367,401,?
800e47ed-03ec-46f7-a87c-d110b3499f5b,462,2023-05-08T18:15:11.611556+01:00,barcode08,rabv_ea,11923,2733,3137,364,391,RABV_EA
2314829b-c21d-4ee2-9252-b4305d91c97c,872,2023-05-09T06:31:35.611556+01:00,barcode08,?,11923,0,0,330,341,?
1fb920ea-3997-4cbc-a274-113ba93369ff,388,2023-05-09T06:32:13.611556+01:00,barcode08,rabv_ea,11923,2643,2846,189,199,RABV_EA
d12229a5-55d8-42a4-856c-a90e91b24784,947,2023-05-09T06:31:49.611556+01:00,barcode08,?,11923,0,0,387,400,?
9c13d6cb-7d84-4354-a00c-bc1343f0cebb,1327,2023-05-09T06:32:09.611556+01:00,barcode08,?,11923,0,0,354,388,?
bb7a890b-cf16-4fad-b804-483ff183aaff,460,2023-05-08T18:15:06.611556+01:00,barcode08,rabv_ea,11923,10177,10576,349,377,RABV_EA
9eeb6e7f-7b60-44f1-adb9-2fc4c99525f0,626,2023-05-08T18:15:05.611556+01:00,barcode08,rabv_ea,11923,11105,11494,349,364,RABV_EA
f287ce82-513b-4d48-ac27-62450a0d2168,1261,2023-05-09T06:31:50.611556+01:00,barcode08,?,11923,0,0,366,380,?
9fa3c28f-1296-4cc2-a1b6-daca1f1b8bf8,678,2023-05-09T06:32:09.611556+01:00,barcode08,?,11923,0,0,350,376,?
12cc1727-ea97-4e67-8a30-6145e85b8109,541,2023-05-09T06:32:02.611556+01:00,barcode08,rabv_ea,11923,10175,10576,360,392,RABV_EA
15b4fd12-368d-44eb-b2f4-461aabc9e0d9,540,2023-05-09T06:32:06.611556+01:00,barcode08,rabv_ea,11923,10164,10576,383,404,RABV_EA
0a4f22a7-11f2-427c-af81-0010a2dacbc7,526,2023-05-09T06:32:15.611556+01:00,barcode08,rabv_ea,11923,11392,11795,377,395,RABV_EA
2f594cb7-75b0-45d6-ad8b-adde5e8a01b4,470,2023-05-09T06:31:36.611556+01:00,barcode08,rabv_ea,11923,9852,10245,359,381,RABV_EA
a74266dd-d95b-4233-86e9-4cd11792e9ba,221,2023-05-09T06:32:08.611556+01:00,barcode08,rabv_ea,11923,619,743,117,120,RABV_EA
5c3f87a4-b82e-43fe-9316-412dfa3646a2,1317,2023-05-08T18:15:05.611556+01:00,barcode08,?,11923,0,0,346,357,?
6ed65872-2b80-4e14-afdb-4233e6e5eb57,874,2023-05-09T06:32:05.611556+01:00,barcode08,?,11923,0,0,361,380,?
e5b23266-d1c7-4622-9180-f8b1128656ad,528,2023-05-09T06:32:13.611556+01:00,barcode08,rabv_ea,11923,4626,5051,369,406,RABV_EA
11dbe7f6-d64b-4ad4-b013-d7be77d92d4b,887,2023-05-09T06:32:10.611556+01:00,barcode08,?,11923,0,0,389,414,?
771c75c7-d576-441c-a123-ca13da707bb1,542,2023-05-09T06:32:08.611556+01:00,barcode08,rabv_ea,11923,10170,10576,363,395,RABV_EA
d361fc67-b556-43af-9047-d22020c9f3d2,879,2023-05-09T06:32:11.611556+01:00,barcode08,?,11923,0,0,360,390,?
a28d688a-099d-4634-9d20-890283ec40c3,1286,2023-05-09T06:32:08.611556+01:00,barcode08,?,11923,0,0,397,402,?
b0472265-213f-4203-8335-436f6fa416db,848,2023-05-09T06:32:07.611556+01:00,barcode08,?,11923,0,0,365,389,?
8447e3f3-25d5-4c01-a706-5978e1b27549,841,2023-05-09T06:31:45.611556+01:00,barcode08,?,11923,0,0,372,395,?
812fbf04-79c1-44ae-96f3-ee9be36e879b,523,2023-05-09T06:31:45.611556+01:00,barcode08,rabv_ea,11923,8928,9325,377,391,RABV_EA
5968e935-75be-4954-b7ca-3431524e68a9,483,2023-05-09T06:32:07.611556+01:00,barcode08,rabv_ea,11923,6424,6835,375,395,RABV_EA
6d3898b9-9b19-496f-a9a6-2714287bb518,922,2023-05-09T06:31:36.611556+01:00,barcode08,?,11923,0,0,362,377,?
be6f49ab-7cc6-45c6-8a0c-5960911d500f,533,2023-05-09T06:32:06.611556+01:00,barcode08,*,0,0,0,0,0,*
98383e4f-3670-48ad-9e08-3b3ba6747614,534,2023-05-09T06:32:07.611556+01:00,barcode08,rabv_ea,11923,11096,11494,350,389,RABV_EA
f77288a4-1004-4e90-8449-a89938047795,919,2023-05-09T06:31:45.611556+01:00,barcode08,?,11923,0,0,375,400,?
f3dfaab4-e216-48fc-9b3e-7a7786406f06,678,2023-05-09T06:31:33.611556+01:00,barcode08,rabv_ea,11923,11097,11475,333,354,RABV_EA
17d35d02-e956-40b8-bb78-55d6118b3e33,605,2023-05-09T06:31:34.611556+01:00,barcode08,?,11923,0,0,351,382,?
06c37a80-bfa2-4a54-94fd-47a9e98add48,976,2023-05-09T06:31:45.611556+01:00,barcode08,rabv_ea,11923,4626,5040,375,405,RABV_EA
8f353015-940c-43bc-8020-f42724b88778,869,2023-05-09T06:32:20.611556+01:00,barcode08,?,11923,0,0,376,388,?
83ea7824-2277-4b0c-913e-61f3abedbf35,495,2023-05-09T06:31:33.611556+01:00,barcode08,rabv_ea,11923,3383,3789,358,377,RABV_EA
b5a1109e-1ed9-4e58-9409-0298d66b0921,442,2023-05-09T06:31:34.611556+01:00,barcode08,rabv_ea,11923,11110,11494,360,369,RABV_EA
35a6b5da-8152-4197-bee5-ce4542a67300,543,2023-05-09T06:32:14.611556+01:00,barcode08,rabv_ea,11923,3830,4092,240,257,RABV_EA
5bee6115-01d0-4fd5-a58f-c68d78d8df3e,542,2023-05-09T06:32:18.611556+01:00,barcode08,rabv_ea,11923,10170,10569,354,389,RABV_EA
d63cacf2-c44c-4dcc-a7d2-ac54f92009e9,426,2023-05-09T06:32:00.611556+01:00,barcode08,rabv_ea,11923,1864,2210,315,333,RABV_EA
9f53101f-93ae-497f-9ce9-77734a8033e0,501,2023-05-09T06:32:22.611556+01:00,barcode08,rabv_ea,11923,4640,5043,348,376,RABV_EA
78500834-9f92-44ee-9897-43c250c58a14,509,2023-05-09T06:32:02.611556+01:00,barcode08,rabv_ea,11923,10172,10570,339,370,RABV_EA
aa7b1dec-47ad-4160-8cab-acf9e8f06c51,548,2023-05-09T06:32:23.611556+01:00,barcode08,rabv_ea,11923,10170,10574,356,388,RABV_EA
f5e038fd-f996-4b11-87e4-5adaac46355d,478,2023-05-09T06:32:26.611556+01:00,barcode08,rabv_ea,11923,5199,5592,370,390,RABV_EA
a1cd5eaa-b47e-4ad0-981d-3e54e14086d9,512,2023-05-09T06:32:15.611556+01:00,barcode08,rabv_ea,11923,319,709,351,372,RABV_EA
c5477d53-09ef-421a-a36d-75351fc2e2ad,511,2023-05-09T06:31:45.611556+01:00,barcode08,rabv_ea,11923,11097,11494,373,387,RABV_EA
7cc2334d-4395-4318-802e-6e668940905f,887,2023-05-09T06:31:46.611556+01:00,barcode08,?,11923,0,0,392,415,?
b845af22-060d-4eae-b550-aedd44d8b481,893,2023-05-09T06:32:18.611556+01:00,barcode08,?,11923,0,0,383,396,?
7e445201-9b8b-49fd-a611-3c6beab55cfc,2833,2023-05-09T06:31:51.611556+01:00,barcode08,?,11923,0,0,388,401,?
9c0b9d7c-c428-4988-a969-764e37842d47,870,2023-05-09T06:31:58.611556+01:00,barcode08,?,11923,0,0,367,392,?
978183f3-f060-48c0-8012-42882bbb6975,473,2023-05-09T06:32:15.611556+01:00,barcode08,rabv_ea,11923,10170,10561,364,385,RABV_EA
a55a8345-7fa4-4986-a62e-462c33afa494,537,2023-05-09T06:32:21.611556+01:00,barcode08,rabv_ea,11923,10175,10570,355,384,RABV_EA
e6516c8b-aba4-4300-82cb-7c45471078b4,735,2023-05-09T06:32:19.611556+01:00,barcode08,?,11923,0,0,360,385,?
1480ee16-cbef-4ace-b2ea-879223fcdaca,441,2023-05-09T06:32:22.611556+01:00,barcode08,rabv_ea,11923,319,688,336,356,RABV_EA
f9cc17e2-c83f-4078-9675-f907f60fc264,876,2023-05-09T06:32:25.611556+01:00,barcode08,?,11923,0,0,383,396,?
4b730364-3fe0-4d2a-9ce4-b7597d377ba5,2111,2023-05-09T06:32:27.611556+01:00,barcode08,?,11923,0,0,378,396,?
bf0aefd9-6afb-4685-a9cf-3e52d85cc3f6,457,2023-05-09T06:32:02.611556+01:00,barcode08,*,0,0,0,0,0,*
5f6e1b44-03fc-4b9f-b284-828c29956302,956,2023-05-09T06:32:43.611556+01:00,barcode08,?,11923,0,0,385,412,?
b3f5a9fe-df1e-4756-8641-fa53686e9b9b,462,2023-05-09T06:31:41.611556+01:00,barcode08,rabv_ea,11923,9851,10246,374,387,RABV_EA
ef08946b-82a3-420f-aa72-aed62a7e720c,509,2023-05-09T06:32:16.611556+01:00,barcode08,rabv_ea,11923,8927,9317,369,380,RABV_EA
4b79253b-1dcf-4d0f-8454-86ce7f5838a7,537,2023-05-09T06:32:45.611556+01:00,barcode08,rabv_ea,11923,9853,10254,375,393,RABV_EA
90720f41-7471-4f2d-b938-dd2456972d3b,471,2023-05-09T06:32:27.611556+01:00,barcode08,rabv_ea,11923,9865,10263,379,393,RABV_EA
933f9f82-02c9-4ae0-8de5-964b9743b532,464,2023-05-09T06:31:39.611556+01:00,barcode08,rabv_ea,11923,11409,11796,365,381,RABV_EA
537a0b3c-2008-4905-9bc6-193acc952f77,464,2023-05-09T06:32:27.611556+01:00,barcode08,rabv_ea,11923,10164,10570,341,362,RABV_EA
22b60631-a42a-4819-8376-7dd4f30bff7e,455,2023-05-09T06:31:45.611556+01:00,barcode08,rabv_ea,11923,6438,6828,364,377,RABV_EA
f253cdd8-bf67-48b0-a839-1c4d234dc226,442,2023-05-09T06:31:45.611556+01:00,barcode08,rabv_ea,11923,319,695,319,356,RABV_EA
6e93d9b1-0ae1-4faf-8076-9e92fc5bd4e1,515,2023-05-09T06:32:25.611556+01:00,barcode08,rabv_ea,11923,9855,10263,383,395,RABV_EA
9da7bf2f-6fe4-46dd-a82b-2573df43656d,531,2023-05-09T06:32:16.611556+01:00,barcode08,rabv_ea,11923,10170,10576,365,389,RABV_EA
3de1dffe-e9e0-40f6-b587-f34a99dc5d74,943,2023-05-09T06:32:24.611556+01:00,barcode08,?,11923,0,0,366,383,?
64f754fe-bc4b-48f6-be9c-4485e0d76a9b,1709,2023-05-09T06:32:12.611556+01:00,barcode08,?,11923,0,0,391,399,?
c356adb8-a6b2-45e7-8580-5d3d7bb1cea3,873,2023-05-09T06:31:47.611556+01:00,barcode08,?,11923,0,0,382,400,?
269c0686-9c0c-4642-9256-037566185279,462,2023-05-09T06:32:37.611556+01:00,barcode08,rabv_ea,11923,6425,6802,352,365,RABV_EA
68deb389-1730-4411-849f-db069c3bec0a,457,2023-05-09T06:32:41.611556+01:00,barcode08,rabv_ea,11923,10179,10574,346,378,RABV_EA
35772545-b203-4e8e-a96e-fd4a0a370efc,1377,2023-05-08T18:15:05.611556+01:00,barcode08,?,11923,0,0,356,375,?
d53e86ed-3b23-4439-a5df-718e108ff3f3,367,2023-05-09T06:32:23.611556+01:00,barcode08,rabv_ea,11923,4231,4424,183,190,RABV_EA
7fe7dfd9-5270-48fa-ab5f-984f1e68233d,473,2023-05-09T06:31:52.611556+01:00,barcode08,rabv_ea,11923,10164,10564,371,391,RABV_EA
691e529f-942c-4e94-806c-167761042e32,880,2023-05-09T06:32:29.611556+01:00,barcode08,?,11923,0,0,351,379,?
95edc68d-7553-4033-b8c6-d055fe0fd214,941,2023-05-09T06:32:23.611556+01:00,barcode08,?,11923,0,0,380,390,?
24ed2aef-ad32-4d37-aa5d-6200d254e009,270,2023-05-09T06:31:51.611556+01:00,barcode08,rabv_ea,11923,3062,3252,181,189,RABV_EA
9064abf6-fb2d-47f2-a25f-7d532ce9e574,501,2023-05-09T06:32:19.611556+01:00,barcode08,rabv_ea,11923,9851,10263,374,395,RABV_EA
78426784-23ad-4930-836a-59da60992151,441,2023-05-09T06:32:06.611556+01:00,barcode08,rabv_ea,11923,8927,9289,339,356,RABV_EA
14eadd58-c50d-459d-a256-7a6d96f11da6,854,2023-05-09T06:31:57.611556+01:00,barcode08,?,11923,0,0,363,379,?
cd572e0f-18d2-4b0e-abf4-e98752ce2c00,539,2023-05-09T06:32:06.611556+01:00,barcode08,rabv_ea,11923,10170,10576,371,396,RABV_EA
8f7d471e-41aa-41da-9fb2-5c9e8d6609c5,446,2023-05-09T06:32:46.611556+01:00,barcode08,rabv_ea,11923,9851,10247,344,361,RABV_EA
79967c9a-8f3e-476d-9d7a-3efa27188848,475,2023-05-09T06:32:44.611556+01:00,barcode08,rabv_ea,11923,613,1017,373,396,RABV_EA
62970a2b-8248-4810-8bac-4448c12593fb,501,2023-05-09T06:32:44.611556+01:00,barcode08,rabv_ea,11923,1869,2262,331,368,RABV_EA
de4b2026-edac-4294-bd5a-f9d6638d3de3,933,2023-05-09T06:32:41.611556+01:00,barcode08,?,11923,0,0,391,402,?
b9d39fe6-d002-48d8-80a7-58f1d6e28487,885,2023-05-09T06:32:38.611556+01:00,barcode08,?,11923,0,0,380,395,?
1e6a3bc4-e4b7-4100-bbc2-74a7193eb9b2,860,2023-05-09T06:32:40.611556+01:00,barcode08,?,11923,0,0,353,373,?
2200dbd3-5808-44e3-a9f0-294b0bda045f,524,2023-05-09T06:32:39.611556+01:00,barcode08,rabv_ea,11923,320,710,368,381,RABV_EA
4b1f621f-f8b5-4867-876e-a4bef89f7215,1324,2023-05-09T06:32:38.611556+01:00,barcode08,?,11923,0,0,376,386,?
49714a39-e277-4e42-95f8-19f6643908db,484,2023-05-09T06:32:37.611556+01:00,barcode08,rabv_ea,11923,4650,5051,374,393,RABV_EA
753bf8e9-af00-460e-a94e-df3551f20ef6,880,2023-05-09T06:32:48.611556+01:00,barcode08,?,11923,0,0,382,396,?
05e38637-d164-427c-aad3-613b6a3ad286,445,2023-05-09T06:33:01.611556+01:00,barcode08,rabv_ea,11923,1880,2264,356,373,RABV_EA
2df3c231-b3b7-4c70-92be-4e33fa14f36c,459,2023-05-09T06:32:58.611556+01:00,barcode08,rabv_ea,11923,3062,3389,305,322,RABV_EA
a139f60d-9233-43a4-9cf3-bb896015a83a,607,2023-05-09T06:32:32.611556+01:00,barcode08,rabv_ea,11923,10164,10575,374,394,RABV_EA
4abb1a91-162e-47fb-965c-4d37e17e1dd0,544,2023-05-09T06:32:32.611556+01:00,barcode08,rabv_ea,11923,10172,10585,382,403,RABV_EA
d52c7b7a-791d-4c25-b7d8-7262c2502c17,1269,2023-05-09T06:32:31.611556+01:00,barcode08,?,11923,0,0,362,376,?
fd45fd30-343f-4fb3-b6f9-61e0fa32df34,461,2023-05-09T06:32:00.611556+01:00,barcode08,rabv_ea,11923,9851,10247,376,387,RABV_EA
240cecd4-edf8-4642-b776-5f4985c5e465,526,2023-05-09T06:32:36.611556+01:00,barcode08,rabv_ea,11923,10170,10576,347,380,RABV_EA
7f50ffd7-6282-46bf-9949-28d293255848,519,2023-05-09T06:32:32.611556+01:00,barcode08,rabv_ea,11923,10164,10572,368,396,RABV_EA
d70d4362-4c93-4184-a8f0-959d26f5c0b8,685,2023-05-09T06:32:03.611556+01:00,barcode08,?,11923,0,0,353,381,?
076d574c-7171-419f-b708-9ca7ec75f915,532,2023-05-09T06:32:50.611556+01:00,barcode08,rabv_ea,11923,9536,9931,360,381,RABV_EA
c930bea2-436f-4b95-95e8-544ae7d5dad0,844,2023-05-09T06:32:04.611556+01:00,barcode08,?,11923,0,0,366,382,?
564e333d-b784-48c0-9446-630916c20ba7,462,2023-05-09T06:33:01.611556+01:00,barcode08,rabv_ea,11923,1879,2258,346,368,RABV_EA
e3ec9d49-6eb0-4b2c-a731-8361ab70f4e6,468,2023-05-09T06:32:44.611556+01:00,barcode08,rabv_ea,11923,2741,3132,363,379,RABV_EA
ed53d146-45f0-4912-8258-20fdc893ec9a,953,2023-05-09T06:32:35.611556+01:00,barcode08,?,11923,0,0,369,391,?
b7bbe9cc-ac97-4a84-8bcf-799c6ff90f07,527,2023-05-09T06:32:36.611556+01:00,barcode08,rabv_ea,11923,6424,6833,380,393,RABV_EA
92fe80a8-5b63-4ad8-991b-40c8e41faf3e,523,2023-05-09T06:32:45.611556+01:00,barcode08,rabv_ea,11923,11096,11463,351,362,RABV_EA
8b61f6ac-3d79-4fa8-9149-9214481b4839,846,2023-05-09T06:33:14.611556+01:00,barcode08,?,11923,0,0,385,393,?
3939896d-bd07-4f3b-a8d2-0cd63addff67,451,2023-05-09T06:32:52.611556+01:00,barcode08,rabv_ea,11923,9550,9940,346,371,RABV_EA
6c877c09-f836-4fd1-ba4c-0ad77e717836,1680,2023-05-09T06:32:31.611556+01:00,barcode08,?,11923,0,0,362,397,?
342cf634-62ef-4860-b555-ad9118736965,909,2023-05-09T06:32:44.611556+01:00,barcode08,?,11923,0,0,366,382,?
6e4bcf3a-9905-4b3c-be87-99f2207771f9,901,2023-05-09T06:32:01.611556+01:00,barcode08,?,11923,0,0,370,395,?
24921f59-9a76-4867-adf4-c02e26cd025a,1546,2023-05-09T06:32:43.611556+01:00,barcode08,?,11923,0,0,339,365,?
0b1dc394-87c8-47ed-a164-d35aace3c348,542,2023-05-09T06:32:46.611556+01:00,barcode08,rabv_ea,11923,10164,10573,359,402,RABV_EA
e038cfe3-107e-45ad-851e-d62a0bcf7e16,458,2023-05-09T06:32:02.611556+01:00,barcode08,rabv_ea,11923,319,697,321,361,RABV_EA
c12bb0f0-cb4a-4cd3-bdeb-cbfffbc90a03,512,2023-05-09T06:32:36.611556+01:00,barcode08,rabv_ea,11923,319,710,347,371,RABV_EA
3b2ae537-2955-4f7a-a9c2-35b975c68b1f,318,2023-05-09T06:33:16.611556+01:00,barcode08,rabv_ea,11923,9176,9320,137,140,RABV_EA
cf740b69-faca-4f06-96d8-bd992c8f0b0b,539,2023-05-09T06:33:13.611556+01:00,barcode08,rabv_ea,11923,9851,10263,362,392,RABV_EA
b449eb5a-9e9a-4888-bf32-d0aea5c8c4e4,894,2023-05-09T06:33:15.611556+01:00,barcode08,?,11923,0,0,366,381,?
778ff725-3aa0-4c3a-9de7-7267029effd2,838,2023-05-09T06:32:56.611556+01:00,barcode08,?,11923,0,0,359,376,?
6d3cb6df-7238-46b6-a20e-5c2e7ca70e40,507,2023-05-09T06:32:55.611556+01:00,barcode08,rabv_ea,11923,9873,10264,338,363,RABV_EA
75ef0a3e-8993-4445-8147-659e802a4763,515,2023-05-09T06:32:32.611556+01:00,barcode08,rabv_ea,11923,3383,3792,375,389,RABV_EA
ae4b6562-9110-4993-9389-41aea8205ab6,1635,2023-05-09T06:32:57.611556+01:00,barcode08,?,11923,0,0,373,398,?
c12a972b-add6-4d1b-bdb8-d977c698f3d2,881,2023-05-09T06:32:27.611556+01:00,barcode08,?,11923,0,0,364,383,?
8e2670d5-d03a-4569-81f8-9db27dea336f,482,2023-05-09T06:32:27.611556+01:00,barcode08,rabv_ea,11923,10164,10562,365,389,RABV_EA
637c9b06-51c5-4657-9c57-185b6d020aaa,529,2023-05-09T06:32:27.611556+01:00,barcode08,rabv_ea,11923,11096,11471,341,361,RABV_EA
8691fe3a-9978-4ffe-87d7-1907cc7ddc60,533,2023-05-09T06:32:48.611556+01:00,barcode08,rabv_ea,11923,10164,10576,371,402,RABV_EA
5e9b9eaf-0df4-4e26-be58-a38c9392345c,848,2023-05-09T06:32:28.611556+01:00,barcode08,?,11923,0,0,379,399,?
faeed269-ec50-4c30-b553-6c96287cd5ea,556,2023-05-09T06:32:50.611556+01:00,barcode08,rabv_ea,11923,11392,11796,381,398,RABV_EA
5dafd6a5-c675-4a50-ab7b-5d7fb7be7e8c,907,2023-05-09T06:32:29.611556+01:00,barcode08,?,11923,0,0,383,399,?
3b112d28-c223-4424-ab8b-22b8b11a2f24,431,2023-05-09T06:33:12.611556+01:00,barcode08,rabv_ea,11923,1864,2247,333,352,RABV_EA
5afb9992-3396-4233-9a14-7b181e8516f7,2270,2023-05-09T06:32:45.611556+01:00,barcode08,?,11923,0,0,388,410,?
cbb9a8a7-7373-4a66-b9d8-0c06f04cadca,449,2023-05-09T06:33:15.611556+01:00,barcode08,rabv_ea,11923,4650,5046,342,370,RABV_EA
06d987a1-95c8-412f-9b4a-edd30be59333,541,2023-05-09T06:33:13.611556+01:00,barcode08,rabv_ea,11923,9851,10263,364,393,RABV_EA
d7ee0454-7184-4830-9855-07552ddd568e,516,2023-05-09T06:33:20.611556+01:00,barcode08,rabv_ea,11923,9851,10263,376,388,RABV_EA
8d7c93f4-9aa0-48e3-bc0f-73d4ea31fff0,1311,2023-05-09T06:32:51.611556+01:00,barcode08,?,11923,0,0,354,384,?
6c72db9a-83de-44ef-aa20-ee8772f19a97,449,2023-05-09T06:33:18.611556+01:00,barcode08,rabv_ea,11923,9548,9929,331,357,RABV_EA
dac44914-bff6-4549-9739-49a4b2a7e78d,511,2023-05-09T06:33:04.611556+01:00,barcode08,rabv_ea,11923,319,709,352,377,RABV_EA
4ecf321b-eca5-4762-aeed-b9359513e211,1349,2023-05-09T06:33:07.611556+01:00,barcode08,?,11923,0,0,380,399,?
44fede9b-5abe-43e8-b9b1-60c94a57a7f2,503,2023-05-09T06:33:19.611556+01:00,barcode08,rabv_ea,11923,319,709,361,373,RABV_EA
8dc57074-e477-47dc-9876-e3831b856473,467,2023-05-09T06:32:31.611556+01:00,barcode08,rabv_ea,11923,10170,10557,361,383,RABV_EA
eed978f1-1277-4fb5-a86a-e419167dd98b,860,2023-05-09T06:32:34.611556+01:00,barcode08,?,11923,0,0,363,391,?
8b93f2ac-5a37-412e-9261-826827531ce2,513,2023-05-09T06:33:18.611556+01:00,barcode08,rabv_ea,11923,10170,10576,338,376,RABV_EA
f5ded84b-4290-4fe1-bfaf-5878b133dd5f,460,2023-05-09T06:32:37.611556+01:00,barcode08,rabv_ea,11923,10164,10552,336,369,RABV_EA
492de651-6f53-4d13-98fc-f0d5f768759b,893,2023-05-09T06:32:59.611556+01:00,barcode08,?,11923,0,0,338,366,?
d6080c4e-8b87-40ec-8969-4134039b742d,527,2023-05-09T06:33:20.611556+01:00,barcode08,rabv_ea,11923,10164,10575,367,392,RABV_EA
b14819c2-dcfe-443d-b015-5d2dde51ba64,529,2023-05-09T06:33:19.611556+01:00,barcode08,rabv_ea,11923,3383,3791,391,403,RABV_EA
002f9e1e-e786-46c4-84ea-5f41f284b505,522,2023-05-09T06:33:20.611556+01:00,barcode08,rabv_ea,11923,11392,11796,385,400,RABV_EA
bad01c79-32fd-43d2-a6f4-cf9f5a947fa9,1258,2023-05-09T06:33:06.611556+01:00,barcode08,?,11923,0,0,374,386,?
e0cb869d-2fd1-432c-90ec-cb4e0b31b4c3,471,2023-05-09T06:32:36.611556+01:00,barcode08,rabv_ea,11923,3062,3459,368,391,RABV_EA
0a31c059-6e31-4979-880c-ba2f340eebe2,704,2023-05-09T06:33:07.611556+01:00,barcode08,rabv_ea,11923,1873,2262,359,374,RABV_EA
2225f20e-07b7-483d-b7d7-6328557b1fc6,2137,2023-05-09T06:33:19.611556+01:00,barcode08,?,11923,0,0,391,402,?
b6b43bf3-1cf9-47e8-9f0d-c22fc14d88d1,1322,2023-05-09T06:32:52.611556+01:00,barcode08,?,11923,0,0,394,398,?
f1eb5132-1986-4643-8ac7-22a50a02d726,510,2023-05-09T06:32:33.611556+01:00,barcode08,rabv_ea,11923,10165,10576,366,393,RABV_EA
4f19e3e6-e1de-4f7e-ae3d-2af0eb3c376b,922,2023-05-09T06:33:22.611556+01:00,barcode08,?,11923,0,0,390,408,?
01927e6e-2af2-47b7-9f1b-e14d40e2519b,643,2023-05-09T06:33:23.611556+01:00,barcode08,rabv_ea,11923,4894,5284,340,377,RABV_EA
675c1830-fa19-402e-83d7-dc63c8aeb498,519,2023-05-09T06:32:51.611556+01:00,barcode08,rabv_ea,11923,10165,10570,343,383,RABV_EA
01b32167-414a-442a-aa61-b20ef8011b95,466,2023-05-09T06:33:23.611556+01:00,barcode08,rabv_ea,11923,1567,1954,371,383,RABV_EA
bfcc8e33-3b90-4024-8707-68d225495d6b,1004,2023-05-09T06:33:09.611556+01:00,barcode08,?,11923,0,0,361,392,?
b876aa4c-b4f3-4856-adfd-a1bcfb3573fb,509,2023-05-09T06:33:03.611556+01:00,barcode08,rabv_ea,11923,8971,9326,325,349,RABV_EA
7ac6daa5-d0c5-4d7f-84e4-12eabea02896,546,2023-05-09T06:33:23.611556+01:00,barcode08,rabv_ea,11923,9851,10261,374,400,RABV_EA
3f307b33-b19d-44f4-beb5-534b16a62151,518,2023-05-09T06:33:26.611556+01:00,barcode08,rabv_ea,11923,319,697,348,367,RABV_EA
79a780cb-b872-412d-97d3-698f70a9e3c1,544,2023-05-09T06:33:24.611556+01:00,barcode08,rabv_ea,11923,10169,10577,368,398,RABV_EA
3b465722-11d8-4754-93f6-ca452ec4e66c,528,2023-05-09T06:33:11.611556+01:00,barcode08,rabv_ea,11923,9851,10263,383,401,RABV_EA
635cb779-94f3-4719-ba5f-dfe98fdf0a78,1053,2023-05-09T06:33:02.611556+01:00,barcode08,?,11923,0,0,359,374,?
5699ee2c-6e14-4066-9447-7ae14a2a1bbe,544,2023-05-09T06:33:06.611556+01:00,barcode08,rabv_ea,11923,10170,10520,308,336,RABV_EA
31da7f35-b680-4cb1-ba5c-714cbc48a7b1,317,2023-05-09T06:33:23.611556+01:00,barcode08,rabv_ea,11923,4339,4549,197,206,RABV_EA
ceb40fd3-aca2-47ea-a303-7f7642d1a9ed,506,2023-05-09T06:32:48.611556+01:00,barcode08,rabv_ea,11923,9851,10261,366,394,RABV_EA
433dc33d-c165-4b22-97b7-02a9339ab662,262,2023-05-09T06:33:16.611556+01:00,barcode08,rabv_ea,11923,528,699,151,165,RABV_EA
2578400f-9358-4aa2-98fe-67a7d3665dd7,468,2023-05-09T06:33:15.611556+01:00,barcode08,rabv_ea,11923,10177,10576,352,386,RABV_EA
e32efbca-1cfd-47c4-9d40-7263c0ed03c2,1357,2023-05-09T06:33:08.611556+01:00,barcode08,?,11923,0,0,391,401,?
3592176a-a5d2-4347-a9ac-eb1c60624112,534,2023-05-09T06:33:22.611556+01:00,barcode08,rabv_ea,11923,10164,10576,377,400,RABV_EA
903b92fd-9e79-4259-bbad-7280da571314,465,2023-05-09T06:33:13.611556+01:00,barcode08,rabv_ea,11923,6754,7155,373,390,RABV_EA
9e109f94-ed64-461a-b44f-e313a21e1005,879,2023-05-09T06:33:14.611556+01:00,barcode08,?,11923,0,0,346,365,?
14158a00-b9d4-459c-95f9-a0bab46912ef,868,2023-05-09T06:33:34.611556+01:00,barcode08,?,11923,0,0,348,366,?
2b685ab0-7f6b-4243-9ff5-70cbb69e3349,524,2023-05-09T06:33:14.611556+01:00,barcode08,rabv_ea,11923,9851,10263,387,399,RABV_EA
df71bd0e-3f79-41de-8f58-5e91769a28d8,455,2023-05-09T06:33:31.611556+01:00,barcode08,rabv_ea,11923,6424,6819,351,370,RABV_EA
0cdeeae5-7e0a-4eaa-9d7d-a802013aee46,420,2023-05-09T06:33:28.611556+01:00,barcode08,rabv_ea,11923,9593,9766,163,168,RABV_EA
ae6ffd78-a475-4805-a4c9-c978d2caa7a8,616,2023-05-09T06:33:31.611556+01:00,barcode08,rabv_ea,11923,11121,11477,328,342,RABV_EA
42fc7980-aa00-46b3-b6fb-feebffd177c7,518,2023-05-09T06:33:15.611556+01:00,barcode08,rabv_ea,11923,11395,11796,367,386,RABV_EA
0856c1e8-3613-4be9-9fb8-0c5e2810fa5b,457,2023-05-09T06:33:30.611556+01:00,barcode08,rabv_ea,11923,3062,3458,367,386,RABV_EA
3e1739d8-3f6c-4e75-9660-efac2f33bbbf,1210,2023-05-09T06:33:21.611556+01:00,barcode08,rabv_ea,11923,319,1302,828,927,RABV_EA
324a3761-bfd3-419a-ab4e-c564272a3c08,727,2023-05-09T06:33:35.611556+01:00,barcode08,rabv_ea,11923,3200,3457,247,254,RABV_EA
ae42e84f-e6da-49f1-a3b2-4630abda6d87,860,2023-05-09T06:33:31.611556+01:00,barcode08,?,11923,0,0,372,396,?
016c6de0-60fc-4916-823a-0d27355319a7,459,2023-05-09T06:33:00.611556+01:00,barcode08,rabv_ea,11923,11109,11494,358,372,RABV_EA
dfe5ae6a-7c30-4645-b0fd-ba0f60dd962f,449,2023-05-09T06:33:28.611556+01:00,barcode08,rabv_ea,11923,3062,3459,360,378,RABV_EA
9b834b91-d737-4a3f-8a08-2fbc8042c5c8,214,2023-05-09T06:33:31.611556+01:00,barcode08,rabv_ea,11923,10164,10235,68,69,RABV_EA
640444d0-e1d5-44ba-b776-333c94fe206d,699,2023-05-09T06:33:32.611556+01:00,barcode08,?,11923,0,0,371,390,?
12d8e136-6250-4d05-a359-59b1705ed335,464,2023-05-09T06:33:36.611556+01:00,barcode08,rabv_ea,11923,2733,3135,358,388,RABV_EA
6b149887-cc01-487c-8dbc-e7f06cd5d40b,532,2023-05-09T06:33:33.611556+01:00,barcode08,rabv_ea,11923,10164,10576,377,401,RABV_EA
d36bc54e-2902-4cf6-9913-c15746c2a8b4,501,2023-05-09T06:32:56.611556+01:00,barcode08,rabv_ea,11923,1864,2262,356,373,RABV_EA
37bd9f8d-14a2-4d1e-9b7f-e6417b48c7f5,505,2023-05-09T06:33:36.611556+01:00,barcode08,rabv_ea,11923,9536,9931,351,367,RABV_EA
8ee6cb0f-c1c0-4e53-b18c-cba906e4fadf,534,2023-05-09T06:33:07.611556+01:00,barcode08,rabv_ea,11923,9851,10259,379,397,RABV_EA
e3662d76-71fd-4560-a740-d77264d5c087,539,2023-05-09T06:33:38.611556+01:00,barcode08,rabv_ea,11923,8927,9325,365,383,RABV_EA
2a7cd4c8-306a-494f-bebb-283ec3ec14e3,879,2023-05-09T06:33:04.611556+01:00,barcode08,?,11923,0,0,371,382,?
cc34a237-8eff-4c0f-a27d-da0872d50850,351,2023-05-09T06:33:10.611556+01:00,barcode08,rabv_ea,11923,8927,9191,229,252,RABV_EA
c61416bc-91c1-421e-8e8c-383ca42de5b1,349,2023-05-09T06:34:05.611556+01:00,barcode08,rabv_ea,11923,5038,5283,220,235,RABV_EA
b5612d92-ce61-4b46-9a37-3c1c0799479f,457,2023-05-09T06:33:32.611556+01:00,barcode08,rabv_ea,11923,11112,11494,343,373,RABV_EA
a1b4608f-9b63-4ade-b2bf-0c76029601d9,892,2023-05-09T06:33:10.611556+01:00,barcode08,?,11923,0,0,383,396,?
65a71da5-2214-42a0-ab6f-afef4b526013,945,2023-05-09T06:34:03.611556+01:00,barcode08,?,11923,0,0,356,383,?
61dd403d-e722-4ad3-ad28-1b4bf53b104a,525,2023-05-09T06:33:10.611556+01:00,barcode08,rabv_ea,11923,10164,10580,371,404,RABV_EA
bf0e98c4-a191-428b-887e-777271b936dd,1733,2023-05-09T06:33:29.611556+01:00,barcode08,?,11923,0,0,381,395,?
b273f4ca-7664-4b86-ba6b-797a09c8f3a6,886,2023-05-09T06:33:34.611556+01:00,barcode08,?,11923,0,0,368,380,?
e19a3c01-b8a4-427c-8434-173f3f18b72a,445,2023-05-09T06:33:33.611556+01:00,barcode08,rabv_ea,11923,6440,6836,358,380,RABV_EA
396722b5-0114-463d-b428-cd485839aa35,1296,2023-05-09T06:33:33.611556+01:00,barcode08,?,11923,0,0,375,393,?
d0fc2ef0-d645-4dc8-9610-d5c266688e2b,445,2023-05-09T06:33:09.611556+01:00,barcode08,rabv_ea,11923,332,705,348,363,RABV_EA
9c15459e-23f4-4676-a431-4634cf413a24,445,2023-05-09T06:33:09.611556+01:00,barcode08,rabv_ea,11923,11403,11774,328,351,RABV_EA
0cb4c449-5dd8-46d3-bfff-1288aec8ede7,501,2023-05-09T06:34:03.611556+01:00,barcode08,rabv_ea,11923,8927,9325,369,384,RABV_EA
d98965ea-75df-42b4-8534-3ce2a228162a,2028,2023-05-09T06:34:00.611556+01:00,barcode08,?,11923,0,0,379,398,?
4016ccd9-17e4-4aa3-889d-ffaad91279d4,1273,2023-05-09T06:33:59.611556+01:00,barcode08,?,11923,0,0,362,390,?
dc1e02d6-5ccd-40b3-8fdf-fce95f3f41a9,1354,2023-05-09T06:33:43.611556+01:00,barcode08,?,11923,0,0,386,404,?
254e375e-8b88-4845-8ea7-29f8ad77e189,459,2023-05-09T06:33:43.611556+01:00,barcode08,rabv_ea,11923,8950,9318,342,357,RABV_EA
4cb3318b-907b-44c1-b423-2c651cce0e07,487,2023-05-09T06:33:06.611556+01:00,barcode08,rabv_ea,11923,2735,3136,373,392,RABV_EA
bd649d1c-b967-426b-82cb-aa9eda6ca283,1133,2023-05-09T06:33:51.611556+01:00,barcode08,?,11923,0,0,379,404,?
73096b69-08ec-4bc2-bdee-1cd45436cf6e,518,2023-05-09T06:33:44.611556+01:00,barcode08,rabv_ea,11923,11098,11492,376,389,RABV_EA
3a2ca365-9a33-46a8-ba01-5e2e6eefa737,454,2023-05-09T06:33:51.611556+01:00,barcode08,rabv_ea,11923,4626,4986,322,354,RABV_EA
64bab108-1472-4bdb-8944-a8106b663b3a,359,2023-05-09T06:34:05.611556+01:00,barcode08,?,11923,0,0,184,192,?
113b7ad8-3f54-4cc0-b6ba-fa2c3fe19641,453,2023-05-09T06:33:51.611556+01:00,barcode08,rabv_ea,11923,65,430,322,346,RABV_EA
7aba9735-02e6-49f8-a612-80e1224a74aa,528,2023-05-09T06:33:55.611556+01:00,barcode08,rabv_ea,11923,1864,2264,373,394,RABV_EA
7d2d2e23-ec76-46f6-9552-ba6cdf8e7f56,525,2023-05-09T06:33:16.611556+01:00,barcode08,rabv_ea,11923,11392,11797,371,393,RABV_EA
a0f4dd5a-79c2-40bd-bac0-6b74887c937a,875,2023-05-09T06:34:02.611556+01:00,barcode08,?,11923,0,0,367,388,?
91d62ea0-6eef-4d1c-9bb3-3139cbdee209,510,2023-05-09T06:33:20.611556+01:00,barcode08,rabv_ea,11923,319,709,341,367,RABV_EA
4da14205-a4a9-4a4f-97a2-7e5250a17b38,475,2023-05-09T06:33:52.611556+01:00,barcode08,rabv_ea,11923,10176,10570,355,384,RABV_EA
a2ed0765-0756-4fc9-9186-c6c0e3d6e90c,533,2023-05-09T06:33:53.611556+01:00,barcode08,rabv_ea,11923,10165,10571,344,385,RABV_EA
9a785e9f-0a9a-41cf-a1d1-2de8aa8e4d15,468,2023-05-09T06:33:42.611556+01:00,barcode08,rabv_ea,11923,10192,10561,309,344,RABV_EA
10e51e23-353e-4b30-a437-3a1521f42868,846,2023-05-09T06:33:53.611556+01:00,barcode08,?,11923,0,0,380,397,?
306c5387-f514-4308-8447-e9bcec7001c3,682,2023-05-09T06:33:17.611556+01:00,barcode08,?,11923,0,0,344,361,?
6a9071fc-2683-43ca-9276-3e4c90b635c0,713,2023-05-09T06:33:18.611556+01:00,barcode08,rabv_ea,11923,9851,10259,377,393,RABV_EA
cec84cc2-9615-4610-b138-3fb483d81c10,502,2023-05-09T06:33:48.611556+01:00,barcode08,rabv_ea,11923,9851,10259,371,390,RABV_EA
b62b4ea1-ab04-42b8-b9e6-13e0415d5f7c,459,2023-05-09T06:34:03.611556+01:00,barcode08,rabv_ea,11923,319,697,358,368,RABV_EA
395576be-bc28-4e4a-bac3-ce3cd1816530,510,2023-05-09T06:33:48.611556+01:00,barcode08,rabv_ea,11923,9851,10261,383,400,RABV_EA
f661471e-f652-4375-ab47-dccd94709a22,472,2023-05-09T06:33:41.611556+01:00,barcode08,rabv_ea,11923,6424,6819,366,381,RABV_EA
36a040d9-57b8-4b46-8ff6-d416e5c90203,1316,2023-05-09T06:33:38.611556+01:00,barcode08,?,11923,0,0,370,397,?
b0ad1640-2074-4de2-b388-f78526a0c941,474,2023-05-09T06:33:54.611556+01:00,barcode08,rabv_ea,11923,11406,11777,342,365,RABV_EA
956f1c88-db4c-4a16-850b-1e7230bd5a1d,452,2023-05-09T06:33:17.611556+01:00,barcode08,rabv_ea,11923,11114,11494,347,365,RABV_EA
acda8283-4ed8-4246-82a1-18dc9f59a8e8,460,2023-05-09T06:33:50.611556+01:00,barcode08,rabv_ea,11923,9851,10243,356,374,RABV_EA
ed2d296e-3703-4965-8cd5-c405adba6b66,524,2023-05-09T06:33:48.611556+01:00,barcode08,rabv_ea,11923,4632,5051,378,403,RABV_EA
40ce602a-5336-4f2d-9be0-51237426ac0d,174,2023-05-09T06:33:20.611556+01:00,barcode08,*,0,0,0,0,0,*
85588f3c-1a6a-44a2-88d3-d4f984bf4ad4,440,2023-05-09T06:33:45.611556+01:00,barcode08,rabv_ea,11923,11110,11494,347,369,RABV_EA
877fc61a-ea25-44d9-bab7-6b4ee1e5309e,489,2023-05-09T06:33:56.611556+01:00,barcode08,*,0,0,0,0,0,*
9ca2c51d-2eb0-4955-bec7-f4ea2ee38fd9,531,2023-05-09T06:33:52.611556+01:00,barcode08,rabv_ea,11923,9851,10263,390,401,RABV_EA
c5c08e2d-cffd-4928-9363-53e986ac39de,488,2023-05-09T06:33:47.611556+01:00,barcode08,rabv_ea,11923,328,709,354,370,RABV_EA
9d389726-ab57-4467-8c63-c4bfd124cb4b,462,2023-05-09T06:33:48.611556+01:00,barcode08,rabv_ea,11923,5844,6223,343,364,RABV_EA
388c66f1-5f67-475d-9d7a-fa5416e37aec,470,2023-05-09T06:34:31.611556+01:00,barcode08,*,0,0,0,0,0,*
df9a4947-05f4-4277-a03c-218de6baaaff,535,2023-05-09T06:33:03.611556+01:00,barcode08,rabv_ea,11923,10164,10573,370,393,RABV_EA
89d87022-eb54-4b74-ae02-946a3a4ca20a,455,2023-05-09T06:33:06.611556+01:00,barcode08,rabv_ea,11923,11108,11477,323,352,RABV_EA
6d88b03e-e57a-4eff-bef2-6a085e098542,456,2023-05-09T06:33:51.611556+01:00,barcode08,rabv_ea,11923,11112,11485,352,367,RABV_EA
735e7b3b-498d-47dd-820d-2d7d323e8dd5,447,2023-05-09T06:34:32.611556+01:00,barcode08,rabv_ea,11923,5198,5592,338,363,RABV_EA
eed17f51-d6a1-4e1b-a230-9b87eeebd3d4,464,2023-05-09T06:33:19.611556+01:00,barcode08,rabv_ea,11923,5210,5608,355,385,RABV_EA
b423b241-ac3f-4769-9508-8e5c222e7959,474,2023-05-09T06:33:48.611556+01:00,barcode08,rabv_ea,11923,1864,2187,291,306,RABV_EA
b4679e3f-f15f-4492-9dc9-a7ff2fe386f2,534,2023-05-09T06:33:51.611556+01:00,barcode08,rabv_ea,11923,9851,10263,390,402,RABV_EA
77c04191-e786-429d-9263-d94e968746d8,528,2023-05-09T06:34:03.611556+01:00,barcode08,rabv_ea,11923,4626,5050,380,400,RABV_EA
14bb656d-9395-4925-9359-9e41b7d88480,458,2023-05-09T06:33:46.611556+01:00,barcode08,rabv_ea,11923,2736,3133,356,375,RABV_EA
7d23b4ee-df9d-4706-9e0d-76f4b287a4cc,379,2023-05-09T06:33:43.611556+01:00,barcode08,rabv_ea,11923,613,870,253,257,RABV_EA
381053f6-b2c9-48dd-a49d-aab217b0bcda,502,2023-05-09T06:33:47.611556+01:00,barcode08,rabv_ea,11923,3382,3791,371,388,RABV_EA
66ea3516-38e2-4a2b-b23a-0aa6052c50f0,462,2023-05-09T06:34:31.611556+01:00,barcode08,rabv_ea,11923,11407,11796,350,376,RABV_EA
fb433438-16e7-44bd-9c1b-f09212b436e2,457,2023-05-09T06:34:30.611556+01:00,barcode08,rabv_ea,11923,9851,10248,370,380,RABV_EA
e997e9e4-16bd-46c5-871b-5168ee7af26a,910,2023-05-09T06:34:26.611556+01:00,barcode08,?,11923,0,0,380,396,?
03c986cc-08dc-46ac-a4f9-3f3cb388f814,472,2023-05-09T06:34:31.611556+01:00,barcode08,rabv_ea,11923,10164,10562,364,388,RABV_EA
37be3f03-99cd-4ade-8c11-cfdf7c0ab440,530,2023-05-09T06:33:38.611556+01:00,barcode08,rabv_ea,11923,10164,10570,359,391,RABV_EA
886c30e4-4bfd-4c5b-8187-112318383a70,1010,2023-05-09T06:33:45.611556+01:00,barcode08,?,11923,0,0,360,378,?
261a3d12-a959-4204-b95c-19416a779b62,457,2023-05-09T06:33:30.611556+01:00,barcode08,rabv_ea,11923,11116,11494,357,375,RABV_EA
d74bf507-0b7d-4e5e-bcbe-645ede163cb5,538,2023-05-09T06:33:49.611556+01:00,barcode08,rabv_ea,11923,10166,10573,372,397,RABV_EA
572aedd5-398b-45bd-86b6-05e1398aba0a,481,2023-05-09T06:33:51.611556+01:00,barcode08,rabv_ea,11923,11105,11494,337,366,RABV_EA
6401e05a-0555-4bd2-8549-8bdd6100481d,923,2023-05-09T06:33:46.611556+01:00,barcode08,?,11923,0,0,381,395,?
827ec7fa-e6f3-4fe7-ae0b-6bed6efb6aab,1757,2023-05-09T06:33:02.611556+01:00,barcode08,?,11923,0,0,382,399,?
973db18b-671f-4895-acb7-d13c24084390,253,2023-05-09T06:34:14.611556+01:00,barcode08,rabv_ea,11923,5212,5336,119,124,RABV_EA
d6e3e104-e547-4958-abe6-0d7b4e72b0d8,902,2023-05-09T06:34:14.611556+01:00,barcode08,?,11923,0,0,351,382,?
c1733d9e-ecd0-4c93-b1fb-c02cd57df8f6,548,2023-05-09T06:34:00.611556+01:00,barcode08,rabv_ea,11923,10170,10576,363,396,RABV_EA
af08e61f-e1b1-41ab-9747-2a7985b7fc0e,529,2023-05-09T06:34:02.611556+01:00,barcode08,rabv_ea,11923,10165,10575,341,381,RABV_EA
8ee81852-d95f-426c-8587-b1effbc461f9,899,2023-05-09T06:33:42.611556+01:00,barcode08,?,11923,0,0,346,369,?
2ccba543-dcaf-4dd4-91fb-c0595b9b6648,454,2023-05-09T06:34:03.611556+01:00,barcode08,rabv_ea,11923,11110,11494,364,376,RABV_EA
50a8ef78-e1b4-44b4-b87a-2d0c7499089a,508,2023-05-09T06:33:45.611556+01:00,barcode08,rabv_ea,11923,11096,11425,312,321,RABV_EA
a7782367-4bbe-4e01-9d02-666c82125d8c,653,2023-05-09T06:34:51.611556+01:00,barcode08,rabv_ea,11923,4639,5053,386,408,RABV_EA
1beb738a-797a-4d6c-930d-f2477e1ee4c5,666,2023-05-09T06:33:45.611556+01:00,barcode08,?,11923,0,0,367,376,?
e58a7dfb-f92c-4041-b428-1dbc1da5634f,872,2023-05-09T06:34:05.611556+01:00,barcode08,?,11923,0,0,358,376,?
4ec0b5ed-f80b-4d36-8e0e-6536339c6883,467,2023-05-09T06:34:05.611556+01:00,barcode08,rabv_ea,11923,10164,10560,338,373,RABV_EA
33275f8f-0395-453b-a215-eb5b64f2adf1,488,2023-05-09T06:34:11.611556+01:00,barcode08,?,11923,0,0,219,226,?
4efa6cfc-80fb-4b0a-9eee-23477b89f2fa,463,2023-05-09T06:34:09.611556+01:00,barcode08,rabv_ea,11923,1874,2248,356,371,RABV_EA
daa1f9e7-ef2a-4dcb-81fb-2df6a8928afa,440,2023-05-09T06:34:09.611556+01:00,barcode08,rabv_ea,11923,11111,11494,338,361,RABV_EA
37d1e539-06fd-4842-ab4c-38a6b5624995,526,2023-05-09T06:34:10.611556+01:00,barcode08,rabv_ea,11923,10170,10573,368,389,RABV_EA
f597515c-97bc-4ad3-8666-ddda4d7bbcb5,405,2023-05-09T06:33:43.611556+01:00,barcode08,rabv_ea,11923,10164,10504,318,335,RABV_EA
6871a814-19ad-4309-8364-3e5b794f800d,514,2023-05-09T06:34:50.611556+01:00,barcode08,rabv_ea,11923,328,691,320,348,RABV_EA
bc51beb8-b6af-4bd9-966b-fc80227520ff,906,2023-05-09T06:33:55.611556+01:00,barcode08,?,11923,0,0,373,387,?
79a3d635-4333-45dd-ae47-848320806cb3,660,2023-05-09T06:33:59.611556+01:00,barcode08,rabv_ea,11923,319,686,330,357,RABV_EA
e64e7a7e-d426-4340-99f8-854377e1e642,1855,2023-05-09T06:33:41.611556+01:00,barcode08,?,11923,0,0,380,393,?
5f792354-c3a8-423b-b550-2023ba4a4d24,490,2023-05-09T06:34:25.611556+01:00,barcode08,rabv_ea,11923,3408,3791,350,372,RABV_EA
32eec275-85d4-4245-8b4e-71239147f3a7,241,2023-05-09T06:33:57.611556+01:00,barcode08,*,0,0,0,0,0,*
41deecac-3ff3-4835-b94d-dd900a1ea3d3,455,2023-05-09T06:34:03.611556+01:00,barcode08,rabv_ea,11923,320,672,312,339,RABV_EA
c3268747-4b1b-48e1-91bb-9fab61197d02,893,2023-05-09T06:33:57.611556+01:00,barcode08,?,11923,0,0,364,379,?
67f5e4eb-d48f-48e3-b66b-7d0e2b2c30dc,526,2023-05-09T06:33:56.611556+01:00,barcode08,rabv_ea,11923,10164,10576,357,390,RABV_EA
d151a72c-d999-42a7-b9a7-1d5e3a8c1d0b,881,2023-05-09T06:34:01.611556+01:00,barcode08,?,11923,0,0,377,411,?
56014975-4a57-411f-8007-0435fe26ff38,456,2023-05-09T06:34:01.611556+01:00,barcode08,rabv_ea,11923,9851,10233,357,370,RABV_EA
eb84184e-b0af-45bf-ab21-9e299cd799ed,892,2023-05-09T06:33:57.611556+01:00,barcode08,rabv_ea,11923,55,455,364,386,RABV_EA
65ff55ff-a9e1-42e2-88d7-ee4868e412c9,869,2023-05-09T06:33:37.611556+01:00,barcode08,?,11923,0,0,368,395,?
0fe539f2-b3df-4e2f-b80a-dbec7fc1be86,446,2023-05-09T06:33:58.611556+01:00,barcode08,rabv_ea,11923,11120,11482,339,352,RABV_EA
527affb5-b207-422e-9826-e266179b8e69,463,2023-05-09T06:34:00.611556+01:00,barcode08,rabv_ea,11923,65,446,346,370,RABV_EA
c5aa8a1d-6720-4a53-b6e9-8ac4adf68b5f,1266,2023-05-09T06:34:30.611556+01:00,barcode08,?,11923,0,0,395,420,?
96ba531b-67e8-4176-a9b9-d600062d980b,1155,2023-05-09T06:33:36.611556+01:00,barcode08,rabv_ea,11923,11392,11794,377,392,RABV_EA
8c84c577-e2c8-44c3-8a19-463f9cf59cbe,487,2023-05-09T06:34:49.611556+01:00,barcode08,rabv_ea,11923,4626,5036,363,396,RABV_EA
bcd93d23-5839-4eb8-90f4-721480de0554,488,2023-05-09T06:34:32.611556+01:00,barcode08,rabv_ea,11923,319,704,342,365,RABV_EA
4e231686-2f53-475b-a06e-660c7d99ea7c,376,2023-05-09T06:34:57.611556+01:00,barcode08,rabv_ea,11923,1864,2180,283,298,RABV_EA
31c56904-909e-4aa5-ba49-309d7e12ab49,446,2023-05-09T06:34:55.611556+01:00,barcode08,rabv_ea,11923,11392,11776,355,374,RABV_EA
6af4a007-3e7c-4045-831c-5013af41fa40,942,2023-05-09T06:34:15.611556+01:00,barcode08,?,11923,0,0,349,370,?
09a03792-4d95-4ec4-a0e0-8a2560b707a1,394,2023-05-09T06:34:34.611556+01:00,barcode08,rabv_ea,11923,1634,1958,306,319,RABV_EA
45b1e5c6-ae09-4c8a-9f3c-4575516974db,185,2023-05-09T06:34:17.611556+01:00,barcode08,rabv_ea,11923,2180,2248,61,63,RABV_EA
574e5cf7-ce5a-4aab-b739-b620079431c0,497,2023-05-09T06:34:15.611556+01:00,barcode08,rabv_ea,11923,9852,10259,353,372,RABV_EA
9cfb0bb1-f5aa-4491-9df6-39bfccf5765a,406,2023-05-09T06:34:12.611556+01:00,barcode08,rabv_ea,11923,10236,10570,293,320,RABV_EA
2ac33f14-9a13-40ec-bb4c-9a48082445eb,1611,2023-05-09T06:34:27.611556+01:00,barcode08,?,11923,0,0,387,404,?
d42c0714-c277-4a60-8ae2-47acb3829438,473,2023-05-09T06:33:36.611556+01:00,barcode08,rabv_ea,11923,4655,5048,340,374,RABV_EA
871c317f-0d53-457c-b6f8-367527ed070b,456,2023-05-09T06:33:40.611556+01:00,barcode08,rabv_ea,11923,1873,2239,319,351,RABV_EA
c95f2697-19d8-4342-8a53-68e601efc08d,924,2023-05-09T06:33:55.611556+01:00,barcode08,?,11923,0,0,367,390,?
8b118ad8-10ed-4043-bc9c-75ca9da3e22b,545,2023-05-09T06:34:55.611556+01:00,barcode08,rabv_ea,11923,612,1034,390,414,RABV_EA
7ff73be8-b63b-4e98-8c60-3bb442ab539b,510,2023-05-09T06:34:36.611556+01:00,barcode08,rabv_ea,11923,9857,10263,360,382,RABV_EA
f44a23ac-b6df-4a11-95b3-5618dd451fac,694,2023-05-09T06:33:36.611556+01:00,barcode08,?,11923,0,0,373,387,?
171bbe60-ea17-4333-b664-aba0fd889ccb,465,2023-05-09T06:34:49.611556+01:00,barcode08,rabv_ea,11923,70,459,350,375,RABV_EA
a6e7fa85-9611-4636-9c01-a48730e3ab50,516,2023-05-09T06:33:40.611556+01:00,barcode08,rabv_ea,11923,9851,10263,374,396,RABV_EA
6280f3bd-0e4b-4111-9e2e-1df25925d0ee,594,2023-05-09T06:34:34.611556+01:00,barcode08,rabv_ea,11923,319,754,378,416,RABV_EA
62795b9f-4c47-46ca-8820-8532c35952d7,888,2023-05-09T06:34:31.611556+01:00,barcode08,?,11923,0,0,349,365,?
966774c5-eb81-43d7-8211-bfcb3fce26cf,1722,2023-05-09T06:33:37.611556+01:00,barcode08,?,11923,0,0,376,395,?
f9dda627-2164-4a3a-8e8b-2cbcb301ba4f,442,2023-05-09T06:34:33.611556+01:00,barcode08,rabv_ea,11923,319,696,338,357,RABV_EA
f08d42ae-dba3-4562-942c-9e87c77aa0c2,1280,2023-05-09T06:34:34.611556+01:00,barcode08,?,11923,0,0,367,385,?
709c7b57-bada-4f34-8108-5ec8d06ea96d,1284,2023-05-09T06:34:49.611556+01:00,barcode08,?,11923,0,0,385,395,?
d10860ea-9ac2-42b3-aec8-e4ad86d4ee28,464,2023-05-09T06:34:33.611556+01:00,barcode08,rabv_ea,11923,9554,9940,358,373,RABV_EA
f4b6414e-c94e-4af1-8f54-65ebd12ac6b8,499,2023-05-09T06:34:16.611556+01:00,barcode08,rabv_ea,11923,10170,10576,343,369,RABV_EA
4ee8982f-404b-4cf3-8627-e63bd30a8b29,503,2023-05-09T06:34:16.611556+01:00,barcode08,rabv_ea,11923,9851,10263,367,391,RABV_EA
ff28c81b-d280-4633-9d10-6b69ce7448f8,565,2023-05-09T06:34:00.611556+01:00,barcode08,?,11923,0,0,333,368,?
c9ecd7e6-10c7-40a6-9c5a-8b8f85f565ba,521,2023-05-09T06:34:15.611556+01:00,barcode08,rabv_ea,11923,10164,10576,357,387,RABV_EA
106e5fe6-adf1-4352-afeb-4c5f1dd24e3b,517,2023-05-09T06:33:57.611556+01:00,barcode08,rabv_ea,11923,329,707,338,360,RABV_EA
e744da60-dd80-43af-8836-3e0780fb1508,1282,2023-05-09T06:34:26.611556+01:00,barcode08,?,11923,0,0,390,405,?
5866d1e8-f604-4412-a3d5-5104603686fd,537,2023-05-09T06:34:12.611556+01:00,barcode08,rabv_ea,11923,10164,10576,376,401,RABV_EA
400aa197-f87f-4d17-b671-a0c7b30c84ae,527,2023-05-09T06:34:37.611556+01:00,barcode08,rabv_ea,11923,10170,10576,369,394,RABV_EA
93fc2653-730d-4a82-955d-55aca2aeb144,1275,2023-05-09T06:34:55.611556+01:00,barcode08,?,11923,0,0,332,359,?
f7f65438-86cd-49e1-8da0-d4ab9a4f9042,528,2023-05-09T06:34:12.611556+01:00,barcode08,rabv_ea,11923,10164,10570,353,387,RABV_EA
545d0370-1472-491e-9eaf-462ac05930d7,458,2023-05-09T06:34:56.611556+01:00,barcode08,rabv_ea,11923,6424,6808,352,372,RABV_EA
46760803-0b33-4ad9-8a52-c4f629a10650,538,2023-05-09T06:34:54.611556+01:00,barcode08,rabv_ea,11923,10163,10576,370,405,RABV_EA
cf888ac5-6c28-41c8-b678-595d12b34a4f,461,2023-05-09T06:34:54.611556+01:00,barcode08,rabv_ea,11923,10170,10559,343,375,RABV_EA
02dfae69-53af-4270-92b0-8658bc6b6141,469,2023-05-09T06:34:30.611556+01:00,barcode08,rabv_ea,11923,2733,3133,366,383,RABV_EA
3a2ed04d-a133-4f14-80f0-e847111c6a66,878,2023-05-09T06:33:50.611556+01:00,barcode08,*,0,0,0,0,0,*
f26a25d4-183c-4bf8-b236-f54362c5f339,513,2023-05-09T06:34:00.611556+01:00,barcode08,rabv_ea,11923,9854,10260,380,392,RABV_EA
0aaa8cd0-cba1-4881-92f9-c741e9068261,386,2023-05-09T06:34:43.611556+01:00,barcode08,rabv_ea,11923,3062,3336,243,258,RABV_EA
7e30f8e1-eb93-41ff-a124-dd0dab299df9,273,2023-05-09T06:34:15.611556+01:00,barcode08,rabv_ea,11923,9195,9323,121,125,RABV_EA
85b9ce11-3a0d-4e78-89d9-0a47fe594c26,445,2023-05-09T06:34:12.611556+01:00,barcode08,rabv_ea,11923,939,1322,350,368,RABV_EA
b67280e4-3452-45ed-8315-5f4b16142588,436,2023-05-09T06:34:41.611556+01:00,barcode08,rabv_ea,11923,11097,11463,344,358,RABV_EA
cdd632bf-f3fa-4865-a4d4-325a003d4ef9,877,2023-05-09T06:33:57.611556+01:00,barcode08,?,11923,0,0,374,397,?
e48bf8d8-b321-481c-8777-2fe250647894,447,2023-05-09T06:33:57.611556+01:00,barcode08,rabv_ea,11923,1870,2247,348,365,RABV_EA
908a1c1b-a274-48ae-a021-5d72e658871f,861,2023-05-09T06:33:59.611556+01:00,barcode08,?,11923,0,0,387,396,?
82e8c691-83e3-4abe-9c14-e9e0c006e30d,346,2023-05-09T06:34:28.611556+01:00,barcode08,rabv_ea,11923,4675,4863,176,184,RABV_EA
8af9f4c9-7133-43e0-bc22-d94a994d2404,850,2023-05-09T06:34:12.611556+01:00,barcode08,?,11923,0,0,372,386,?
088561ae-9ed1-4a1f-9bc0-3fa8aa190d34,885,2023-05-09T06:34:40.611556+01:00,barcode08,?,11923,0,0,365,380,?
e1fe8c95-d373-4e78-8151-9eb26253169c,444,2023-05-09T06:34:13.611556+01:00,barcode08,rabv_ea,11923,11110,11488,334,352,RABV_EA
1e362a86-022f-45af-9242-e9870dd92790,838,2023-05-09T06:34:42.611556+01:00,barcode08,?,11923,0,0,367,387,?
56d21d1c-0e3c-4dcc-85db-8966e4c041d9,454,2023-05-09T06:34:00.611556+01:00,barcode08,rabv_ea,11923,10188,10562,335,360,RABV_EA
59073aee-d6af-4e2f-8cf7-716665c24d7a,548,2023-05-09T06:34:46.611556+01:00,barcode08,rabv_ea,11923,10164,10576,366,403,RABV_EA
fe4ed0eb-8d22-47ae-b265-c5b39c3ef057,528,2023-05-09T06:34:01.611556+01:00,barcode08,rabv_ea,11923,8933,9314,352,371,RABV_EA
a35a5906-1dea-4464-80da-609e122cb52c,195,2023-05-09T06:34:02.611556+01:00,barcode08,*,0,0,0,0,0,*
a158ef61-0d31-411e-87f9-ff4b8ab5ff97,725,2023-05-09T06:33:58.611556+01:00,barcode08,?,11923,0,0,360,374,?
6e0b33d4-01a0-4112-b6bc-15314a54625b,549,2023-05-09T06:33:59.611556+01:00,barcode08,rabv_ea,11923,10172,10576,356,385,RABV_EA
21b7c76a-fdee-443d-919e-1b52602dff1d,749,2023-05-09T06:33:57.611556+01:00,barcode08,*,0,0,0,0,0,*
513bc361-eed7-4ddf-bbc2-b68b9e7fa0bb,562,2023-05-09T06:34:40.611556+01:00,barcode08,rabv_ea,11923,10164,10576,378,404,RABV_EA
7ab045c4-0fb7-44f8-acbc-47383381fef8,893,2023-05-09T06:34:15.611556+01:00,barcode08,?,11923,0,0,381,393,?
b8e7b68b-ae9b-4b7c-9db4-60749b3462ed,927,2023-05-09T06:34:22.611556+01:00,barcode08,?,11923,0,0,366,387,?
882f29b0-42fe-4b49-95fc-dbe80e6c41b8,531,2023-05-09T06:35:07.611556+01:00,barcode08,rabv_ea,11923,8929,9325,359,383,RABV_EA
546b2182-a41d-4011-a15b-92b913dd4dd3,472,2023-05-09T06:35:11.611556+01:00,barcode08,rabv_ea,11923,4645,5051,358,391,RABV_EA
20b22b9f-1805-4e3a-8ed8-4c908979f273,1145,2023-05-09T06:35:07.611556+01:00,barcode08,?,11923,0,0,369,378,?
963858b9-a5b2-40a0-8b7c-46b0b4dc3dad,476,2023-05-09T06:34:22.611556+01:00,barcode08,rabv_ea,11923,10164,10564,355,387,RABV_EA
bd70b652-aa8e-4770-8310-644d83d810ab,863,2023-05-09T06:35:09.611556+01:00,barcode08,?,11923,0,0,381,391,?
946abe88-8c85-469a-8a0c-ab27db2c4da0,523,2023-05-09T06:35:01.611556+01:00,barcode08,rabv_ea,11923,10172,10570,356,380,RABV_EA
41e332d1-a2cb-470c-a1cc-6fdf8447dd05,445,2023-05-09T06:35:00.611556+01:00,barcode08,rabv_ea,11923,319,691,347,365,RABV_EA
78e3dc09-51b6-4d73-a24e-1f45d9700baa,523,2023-05-09T06:35:00.611556+01:00,barcode08,rabv_ea,11923,9856,10259,369,392,RABV_EA
b53cee03-be79-4177-94fa-245bafda0523,339,2023-05-09T06:34:27.611556+01:00,barcode08,rabv_ea,11923,2623,2830,188,199,RABV_EA
627b0f98-0b3b-4556-9541-f628e07be509,463,2023-05-09T06:35:07.611556+01:00,barcode08,rabv_ea,11923,11144,11494,306,339,RABV_EA
626ce82d-b607-4a62-863e-5e6894bddfc5,516,2023-05-09T06:34:23.611556+01:00,barcode08,rabv_ea,11923,348,696,313,329,RABV_EA
085ed532-908f-4afa-80ef-fe654d4b9768,854,2023-05-09T06:34:25.611556+01:00,barcode08,?,11923,0,0,351,376,?
60b67dfe-a553-4aed-bb02-0110105205d0,438,2023-05-09T06:34:22.611556+01:00,barcode08,rabv_ea,11923,1864,2240,314,348,RABV_EA
217c4d71-c36f-4702-a4df-1f04cbdacc8e,453,2023-05-09T06:34:22.611556+01:00,barcode08,rabv_ea,11923,11125,11494,356,368,RABV_EA
48a83c00-1f73-456e-a73b-fa1e83c4c72e,370,2023-05-09T06:34:58.611556+01:00,barcode08,rabv_ea,11923,5025,5283,244,257,RABV_EA
dab4b5c2-167e-4afa-aebf-8f903cec6fde,850,2023-05-09T06:34:22.611556+01:00,barcode08,?,11923,0,0,369,386,?
97652239-6750-40b7-91c5-6759e5dd1fc8,505,2023-05-09T06:34:23.611556+01:00,barcode08,rabv_ea,11923,2445,2846,371,383,RABV_EA
de069c7f-5951-43a1-b352-c06b49e3575a,210,2023-05-09T06:34:44.611556+01:00,barcode08,*,0,0,0,0,0,*
9bb56bb9-31f4-461b-b33c-51529a4b7a01,1301,2023-05-09T06:34:34.611556+01:00,barcode08,?,11923,0,0,383,396,?
5ef0133c-3d7e-4fe9-b3f1-22b5fc4d2581,546,2023-05-09T06:34:32.611556+01:00,barcode08,rabv_ea,11923,10175,10576,361,384,RABV_EA
bffe37fc-7b25-4a5f-b5f4-dab1f87646fa,547,2023-05-09T06:34:08.611556+01:00,barcode08,rabv_ea,11923,10170,10576,372,398,RABV_EA
2983061e-0a1f-467e-aa43-2fcee4a247b6,460,2023-05-09T06:35:16.611556+01:00,barcode08,rabv_ea,11923,10187,10497,283,302,RABV_EA
74d39228-c183-45c5-8e92-9c97d2365c10,917,2023-05-09T06:34:07.611556+01:00,barcode08,?,11923,0,0,351,377,?
050350fa-c5ea-43f4-8839-e05e073fbcf8,506,2023-05-09T06:35:16.611556+01:00,barcode08,rabv_ea,11923,321,710,353,368,RABV_EA
5024a3d8-98e6-4119-a80b-1ed5981ba2fc,472,2023-05-09T06:35:14.611556+01:00,barcode08,rabv_ea,11923,9877,10263,365,378,RABV_EA
c15183d0-6714-45ef-9b6e-d7618213b815,538,2023-05-09T06:35:12.611556+01:00,barcode08,rabv_ea,11923,10164,10576,367,400,RABV_EA
4edbb463-c919-41df-9ff3-3e36a8c5d3ce,447,2023-05-09T06:34:42.611556+01:00,barcode08,rabv_ea,11923,1873,2247,348,362,RABV_EA
96c410b8-2536-406e-b76f-525f07705da6,512,2023-05-09T06:34:25.611556+01:00,barcode08,rabv_ea,11923,10164,10573,336,380,RABV_EA
01544840-e670-4587-9bdf-5dcbaf904e2b,526,2023-05-09T06:35:13.611556+01:00,barcode08,rabv_ea,11923,10164,10571,351,389,RABV_EA
da007331-40f4-42db-97b3-d6009df11a71,463,2023-05-09T06:34:06.611556+01:00,barcode08,rabv_ea,11923,10175,10550,314,349,RABV_EA
2f829621-e900-41b4-8d09-df1c1a834948,845,2023-05-09T06:34:07.611556+01:00,barcode08,?,11923,0,0,367,386,?
7356eb6f-7718-4d25-bbbc-69258d7da714,894,2023-05-09T06:34:22.611556+01:00,barcode08,rabv_ea,11923,2748,3791,751,787,RABV_EA
7d27b4ef-36a5-40d9-a11a-def88697af15,548,2023-05-09T06:34:23.611556+01:00,barcode08,rabv_ea,11923,10164,10564,345,385,RABV_EA
70a3e3e0-0e40-4cda-92b7-d2cb273701a7,257,2023-05-09T06:35:21.611556+01:00,barcode08,rabv_ea,11923,7690,7758,67,67,RABV_EA
d9b5243d-9a17-45aa-9389-25988444d25d,466,2023-05-09T06:35:20.611556+01:00,barcode08,rabv_ea,11923,6424,6808,353,375,RABV_EA
580c4535-fd1d-4203-9587-513ac0a34d59,536,2023-05-09T06:35:13.611556+01:00,barcode08,rabv_ea,11923,10170,10578,369,394,RABV_EA
a4675fac-adf2-4f02-bfdb-dbd5c60ab717,1201,2023-05-09T06:35:15.611556+01:00,barcode08,rabv_ea,11923,5197,5608,384,404,RABV_EA
e49b4db1-d59d-43eb-87a0-fe1b7229e97d,929,2023-05-09T06:34:25.611556+01:00,barcode08,?,11923,0,0,364,384,?
f3ef9712-0d31-486c-82ad-e252f7b7e340,905,2023-05-09T06:35:16.611556+01:00,barcode08,?,11923,0,0,379,396,?
1e28f02d-ce21-458e-909c-ac78c78aceee,527,2023-05-09T06:35:13.611556+01:00,barcode08,rabv_ea,11923,10166,10568,359,391,RABV_EA
96c5d98c-c801-4608-9b36-0bc511e2462c,505,2023-05-09T06:35:13.611556+01:00,barcode08,rabv_ea,11923,10164,10576,343,384,RABV_EA
2a732f7f-5e93-4ccf-8fdb-d67e23ec12b5,524,2023-05-09T06:35:14.611556+01:00,barcode08,rabv_ea,11923,319,709,355,375,RABV_EA
d0275573-b479-47c7-af03-cae13a768c2d,537,2023-05-09T06:35:07.611556+01:00,barcode08,rabv_ea,11923,10170,10576,368,397,RABV_EA
e006adba-5e2d-4391-8a63-cdd2f668f98f,960,2023-05-09T06:35:04.611556+01:00,barcode08,?,11923,0,0,362,381,?
f3b364d5-f535-4882-903d-0c900f616abd,486,2023-05-09T06:35:12.611556+01:00,barcode08,?,11923,0,0,200,209,?
306e69a8-9668-450b-8cbd-6de2a9c04c95,898,2023-05-09T06:35:12.611556+01:00,barcode08,?,11923,0,0,366,386,?
99ee0640-3985-45c0-9e45-5b6b1520f000,461,2023-05-09T06:35:19.611556+01:00,barcode08,rabv_ea,11923,57,429,350,366,RABV_EA
976a4c4b-bbb6-4f32-9ad2-dcb65ac3efdc,466,2023-05-09T06:34:36.611556+01:00,barcode08,*,0,0,0,0,0,*
f6deecc5-0257-47c9-b84b-17ccf969f658,1051,2023-05-09T06:34:33.611556+01:00,barcode08,?,11923,0,0,348,375,?
2733a9fb-88bd-4ba9-8b0f-eccdddb384df,485,2023-05-09T06:34:32.611556+01:00,barcode08,rabv_ea,11923,10164,10558,360,384,RABV_EA
52a85934-91fa-4417-81a1-f0d9e65a1ad3,397,2023-05-09T06:34:44.611556+01:00,barcode08,rabv_ea,11923,5028,5283,240,251,RABV_EA
f418cc4b-1ae1-4534-b431-f6c84df13065,711,2023-05-09T06:35:12.611556+01:00,barcode08,rabv_ea,11923,70,459,359,376,RABV_EA
06fe8545-4a03-44df-a376-d38996f7dad5,529,2023-05-09T06:34:54.611556+01:00,barcode08,rabv_ea,11923,4626,5041,362,391,RABV_EA
00df21c3-b07e-418b-a4af-5300d3bac8b1,437,2023-05-09T06:34:54.611556+01:00,barcode08,rabv_ea,11923,6474,6797,296,308,RABV_EA
76244b11-688c-45ef-b9d9-a9e8718cb8c6,276,2023-05-09T06:34:57.611556+01:00,barcode08,rabv_ea,11923,3064,3252,164,180,RABV_EA
2b08c32e-1d57-4e5d-9f34-619128470185,753,2023-05-09T06:34:52.611556+01:00,barcode08,?,11923,0,0,295,312,?
446073a5-5128-429c-8300-b0048fd82fdb,472,2023-05-09T06:35:32.611556+01:00,barcode08,rabv_ea,11923,10175,10562,355,378,RABV_EA
021e9a10-99dd-42f7-b76c-78909175da0b,858,2023-05-09T06:35:18.611556+01:00,barcode08,?,11923,0,0,368,395,?
eace770a-4950-4508-b560-ba71b3bfd1eb,529,2023-05-09T06:34:55.611556+01:00,barcode08,rabv_ea,11923,10164,10576,380,398,RABV_EA
540e07b3-6fcf-4852-90cc-d5ac33d2358a,460,2023-05-09T06:34:52.611556+01:00,barcode08,rabv_ea,11923,9550,9931,352,373,RABV_EA
ec43a6cc-45d9-402e-b0b1-70cccde76e47,1324,2023-05-09T06:35:34.611556+01:00,barcode08,?,11923,0,0,384,406,?
dacebdda-37a7-46d7-9231-6a6b438bc9aa,941,2023-05-09T06:34:54.611556+01:00,barcode08,?,11923,0,0,385,399,?
08307bb6-118c-4c8e-a7d8-79bcd51ef123,525,2023-05-09T06:34:32.611556+01:00,barcode08,rabv_ea,11923,11096,11494,367,384,RABV_EA
752796c6-6e40-45a2-a95d-f4382ab45b3a,461,2023-05-09T06:35:18.611556+01:00,barcode08,rabv_ea,11923,10189,10576,351,377,RABV_EA
9fad591d-3d76-4833-816b-ed871aea68b5,293,2023-05-09T06:34:31.611556+01:00,barcode08,*,0,0,0,0,0,*
799e53c4-118e-4690-8693-b8904680729b,459,2023-05-09T06:34:38.611556+01:00,barcode08,rabv_ea,11923,6425,6819,373,383,RABV_EA
65c2cc84-ad81-4b15-ad61-abdb80f9f313,517,2023-05-09T06:34:41.611556+01:00,barcode08,rabv_ea,11923,3062,3470,374,392,RABV_EA
630ed70c-3b8e-4e75-ac70-93f8ee25fd08,928,2023-05-09T06:35:31.611556+01:00,barcode08,?,11923,0,0,391,400,?
3aeb0d4a-0a7c-4611-914f-ca659d1f3a10,551,2023-05-09T06:34:40.611556+01:00,barcode08,rabv_ea,11923,3383,3791,382,402,RABV_EA
9b72a19e-bbb1-4320-8e6a-361e96b5efa8,924,2023-05-09T06:34:37.611556+01:00,barcode08,?,11923,0,0,363,380,?
c5e72f58-0121-482f-bb41-976476d490fd,1275,2023-05-09T06:34:35.611556+01:00,barcode08,rabv_ea,11923,319,1032,633,679,RABV_EA
b63381b1-3c87-4bc4-91ec-2467ccfdf1fd,455,2023-05-09T06:35:30.611556+01:00,barcode08,rabv_ea,11923,9851,10247,357,375,RABV_EA
db35522e-e542-459d-9648-9f0baa139313,528,2023-05-09T06:34:40.611556+01:00,barcode08,rabv_ea,11923,9851,10256,381,396,RABV_EA
da104b8a-3199-46ce-912a-288a0ded57c2,452,2023-05-09T06:34:55.611556+01:00,barcode08,rabv_ea,11923,333,696,334,352,RABV_EA
760338fd-d607-44cc-83ce-385e627e750f,541,2023-05-09T06:35:29.611556+01:00,barcode08,rabv_ea,11923,10164,10576,364,398,RABV_EA
2572cc2a-0f91-4c5a-8300-0d3c4eb3baaa,738,2023-05-09T06:34:29.611556+01:00,barcode08,rabv_ea,11923,5197,5602,359,388,RABV_EA
309493b4-eaf9-435d-9e72-ab0c6c90abee,263,2023-05-09T06:35:28.611556+01:00,barcode08,*,0,0,0,0,0,*
e2810b7f-9316-42d8-a322-e366653c6a87,516,2023-05-09T06:35:34.611556+01:00,barcode08,rabv_ea,11923,320,709,343,380,RABV_EA
c38febf6-de76-4ab1-8e2d-a409b18702a1,543,2023-05-09T06:35:32.611556+01:00,barcode08,rabv_ea,11923,1864,2262,377,394,RABV_EA
03daea52-f5d8-4cda-a88f-559beefd0e8d,527,2023-05-09T06:34:40.611556+01:00,barcode08,rabv_ea,11923,10164,10570,366,395,RABV_EA
3b02fd77-7e2a-413f-95b0-1da279f30cb9,921,2023-05-09T06:34:52.611556+01:00,barcode08,?,11923,0,0,352,375,?
1f544e19-8815-4bcc-87f6-9162d99eff02,469,2023-05-09T06:34:54.611556+01:00,barcode08,rabv_ea,11923,10164,10556,339,378,RABV_EA
c890599d-10d8-4fdf-9968-b028ace02b81,546,2023-05-09T06:35:34.611556+01:00,barcode08,rabv_ea,11923,10164,10584,376,403,RABV_EA
150ba5d3-dd4a-4a1a-bec1-9b6db5f8c1b9,448,2023-05-09T06:35:31.611556+01:00,barcode08,rabv_ea,11923,955,1337,348,367,RABV_EA
e9936cc8-5841-4b2a-843b-12c83d26c0cd,522,2023-05-09T06:34:55.611556+01:00,barcode08,rabv_ea,11923,10188,10576,346,374,RABV_EA
7ab07b22-2ac9-4c04-870a-b705c6839b30,437,2023-05-09T06:34:53.611556+01:00,barcode08,rabv_ea,11923,334,709,340,357,RABV_EA
0535789d-c730-4a30-bc97-a94201d83616,481,2023-05-09T06:35:40.611556+01:00,barcode08,rabv_ea,11923,2747,3142,374,391,RABV_EA
bbf050ff-d01b-4eea-bc41-37940adad64b,1312,2023-05-09T06:34:35.611556+01:00,barcode08,?,11923,0,0,381,397,?
794204a0-3d33-4556-82b7-6f30e5ea393a,524,2023-05-09T06:35:49.611556+01:00,barcode08,rabv_ea,11923,9536,9940,377,393,RABV_EA
f31d2ce9-cf7a-4436-bc28-440aac6cda3c,518,2023-05-09T06:35:28.611556+01:00,barcode08,rabv_ea,11923,3383,3791,366,385,RABV_EA
c5fa1d8a-e5e6-45b7-93c3-78c0d3d503ba,387,2023-05-09T06:34:41.611556+01:00,barcode08,rabv_ea,11923,319,616,272,286,RABV_EA
ab4119dd-2b72-4f21-86fd-3124cff69956,1723,2023-05-09T06:35:29.611556+01:00,barcode08,?,11923,0,0,378,395,?
43a20caf-29f0-4c9d-8077-727ec653f3d1,494,2023-05-09T06:34:39.611556+01:00,barcode08,rabv_ea,11923,4648,5051,361,378,RABV_EA
9ea6446f-f31b-4647-907c-0b4258ba7be5,453,2023-05-09T06:35:40.611556+01:00,barcode08,rabv_ea,11923,9549,9940,358,373,RABV_EA
7b05daea-4383-4c4a-9e61-5846de47b674,468,2023-05-09T06:35:39.611556+01:00,barcode08,rabv_ea,11923,11405,11796,348,376,RABV_EA
ac901d8a-8cf3-45eb-9956-53ce6e687fe8,531,2023-05-09T06:34:42.611556+01:00,barcode08,rabv_ea,11923,6424,6806,357,369,RABV_EA
31bc86f4-8526-4234-9d90-42154f844aec,905,2023-05-09T06:35:40.611556+01:00,barcode08,?,11923,0,0,345,357,?
729db939-8edf-46e5-bee6-cd3c19ee39ae,1308,2023-05-09T06:34:42.611556+01:00,barcode08,?,11923,0,0,388,403,?
583a0f3f-15c3-49ab-90f9-2aecfe117153,891,2023-05-09T06:34:43.611556+01:00,barcode08,?,11923,0,0,358,379,?
1c18a625-aa45-454a-89c7-39d80d50f765,444,2023-05-09T06:34:42.611556+01:00,barcode08,rabv_ea,11923,956,1331,348,368,RABV_EA
f0bbf55a-04d9-4a96-8960-5240be1c91a2,530,2023-05-09T06:34:47.611556+01:00,barcode08,rabv_ea,11923,9851,10260,378,395,RABV_EA
c88f75fe-b094-4be6-b5f2-aa4dccf073e7,811,2023-05-09T06:34:41.611556+01:00,barcode08,?,11923,0,0,378,396,?
195044d9-adf4-435a-80a7-ac8b86fee32f,504,2023-05-09T06:34:45.611556+01:00,barcode08,rabv_ea,11923,1870,2264,347,377,RABV_EA
95930b1a-949e-4817-a448-085804052f63,506,2023-05-09T06:34:49.611556+01:00,barcode08,rabv_ea,11923,10164,10570,351,384,RABV_EA
f2bb95ed-da25-4f85-a9a8-05d50eea08a4,403,2023-05-09T06:34:43.611556+01:00,barcode08,rabv_ea,11923,11484,11796,294,307,RABV_EA
ebee2020-0a1f-4307-8bd9-453f073e5c5c,549,2023-05-09T06:34:57.611556+01:00,barcode08,rabv_ea,11923,4626,5051,390,414,RABV_EA
53fb9347-1c8c-4fb6-9655-7f86ed33fbdc,511,2023-05-09T06:34:52.611556+01:00,barcode08,rabv_ea,11923,9857,10263,357,379,RABV_EA
9b4b516f-f13b-4e6e-bf96-01ef4be73248,431,2023-05-09T06:34:48.611556+01:00,barcode08,rabv_ea,11923,2746,3133,334,355,RABV_EA
a434ea22-8e20-48bd-8a6a-75b20c60e3b7,469,2023-05-09T06:36:09.611556+01:00,barcode08,rabv_ea,11923,9549,9940,361,380,RABV_EA
31a79c0e-6ee7-4f4e-8326-4ec572ad5012,506,2023-05-09T06:34:47.611556+01:00,barcode08,rabv_ea,11923,3383,3787,369,393,RABV_EA
27f5482e-4199-439f-8a4d-205800de989c,440,2023-05-09T06:36:10.611556+01:00,barcode08,rabv_ea,11923,5870,6221,317,332,RABV_EA
13839b1b-c89d-4a8f-ac88-440c9336be07,528,2023-05-09T06:35:50.611556+01:00,barcode08,rabv_ea,11923,10164,10570,364,394,RABV_EA
8b8ab03d-04d4-4c82-b23f-0d3d2f624528,450,2023-05-09T06:35:08.611556+01:00,barcode08,rabv_ea,11923,328,695,333,356,RABV_EA
8783b97a-84c6-472a-ae89-01f4f46ff22e,498,2023-05-09T06:35:08.611556+01:00,barcode08,rabv_ea,11923,10165,10576,364,386,RABV_EA
a17a0bb0-0191-447c-9f30-07f870b5a61c,534,2023-05-09T06:35:11.611556+01:00,barcode08,rabv_ea,11923,10172,10575,362,392,RABV_EA
44fd6824-8165-403c-bbf0-82a38b77ffdf,1501,2023-05-09T06:35:50.611556+01:00,barcode08,?,11923,0,0,358,372,?
3f251a0a-71c4-48a3-921e-af9c6e1e5993,1142,2023-05-09T06:35:07.611556+01:00,barcode08,?,11923,0,0,365,386,?
69009007-2612-4209-aae5-c260a294a0b6,1704,2023-05-09T06:35:37.611556+01:00,barcode08,?,11923,0,0,389,402,?
223d16c4-7b56-47fe-9a51-0de01fc23e00,512,2023-05-09T06:35:53.611556+01:00,barcode08,rabv_ea,11923,319,705,341,368,RABV_EA
96351d64-189c-453a-92b0-ced2a6becb5d,1674,2023-05-09T06:35:46.611556+01:00,barcode08,?,11923,0,0,385,392,?
1863d977-fdcb-40d8-a965-1700e2c8bbdf,942,2023-05-09T06:34:58.611556+01:00,barcode08,?,11923,0,0,355,367,?
7e9ff4bd-1921-46fe-879d-42ef341bd816,449,2023-05-09T06:35:36.611556+01:00,barcode08,rabv_ea,11923,1881,2248,323,352,RABV_EA
845fc7c7-6881-4cbf-b9ca-867341ce1d40,446,2023-05-09T06:35:51.611556+01:00,barcode08,rabv_ea,11923,1864,2243,345,365,RABV_EA
25ecc500-cfa7-4041-8e7c-7ea54745cd45,248,2023-05-09T06:35:52.611556+01:00,barcode08,*,0,0,0,0,0,*
9e3dadf5-5b32-4f67-8932-62ef423a9984,450,2023-05-09T06:35:12.611556+01:00,barcode08,rabv_ea,11923,8957,9325,342,355,RABV_EA
829ee459-5ae0-4b13-92a7-beeb9925b938,525,2023-05-09T06:35:11.611556+01:00,barcode08,rabv_ea,11923,8927,9325,360,389,RABV_EA
7293ab4e-ae63-4ae9-ab74-683ebbdc3141,527,2023-05-09T06:36:10.611556+01:00,barcode08,rabv_ea,11923,10164,10576,361,395,RABV_EA
9eeb3744-17c5-48ee-9b1e-7b8cdc6aa83f,543,2023-05-09T06:35:00.611556+01:00,barcode08,rabv_ea,11923,10164,10576,373,400,RABV_EA
2b2a63cf-30c4-46d2-9824-6f8767d77a21,852,2023-05-09T06:34:58.611556+01:00,barcode08,?,11923,0,0,369,386,?
b06ff49e-2b17-4121-a302-d197625d32e9,858,2023-05-09T06:34:59.611556+01:00,barcode08,rabv_ea,11923,70,706,575,620,RABV_EA
c1e57fc4-97d4-497c-b92a-cf170d6d8f3c,513,2023-05-09T06:35:48.611556+01:00,barcode08,rabv_ea,11923,8937,9320,358,372,RABV_EA
a2c34ed7-1fa5-4f2e-a402-477a92ae6426,522,2023-05-09T06:36:10.611556+01:00,barcode08,rabv_ea,11923,10164,10580,351,397,RABV_EA
a5af29e7-2f25-496f-b24b-2ab8cc67368d,502,2023-05-09T06:36:13.611556+01:00,barcode08,rabv_ea,11923,10164,10575,338,371,RABV_EA
16189e21-2614-4d4d-b6df-0f645e4c3258,498,2023-05-09T06:36:10.611556+01:00,barcode08,rabv_ea,11923,3062,3473,362,387,RABV_EA
01489335-8cbb-4fa6-a8df-bb06a088e98f,471,2023-05-09T06:36:09.611556+01:00,barcode08,rabv_ea,11923,1887,2259,331,355,RABV_EA
9d34838b-5fd9-4118-a50f-3400efdf8bed,941,2023-05-09T06:34:57.611556+01:00,barcode08,?,11923,0,0,381,410,?
e027e146-0f2a-47a4-a8f2-2169a136d9f4,454,2023-05-09T06:35:00.611556+01:00,barcode08,rabv_ea,11923,1871,2246,351,364,RABV_EA
cf81b803-8108-433a-aedc-cad33db25b64,442,2023-05-09T06:35:50.611556+01:00,barcode08,rabv_ea,11923,11096,11477,351,363,RABV_EA
fbdf3c45-b3c4-4d18-8d71-46db77249c94,862,2023-05-09T06:35:47.611556+01:00,barcode08,?,11923,0,0,360,380,?
0e622b1a-6094-4527-b8a8-ee0760e3037e,1271,2023-05-09T06:35:50.611556+01:00,barcode08,?,11923,0,0,372,402,?
88d2a2be-7a01-407f-9686-10bc193fb784,530,2023-05-09T06:35:08.611556+01:00,barcode08,rabv_ea,11923,11096,11462,321,354,RABV_EA
d946164e-5c1f-4097-9c8e-83cbdc1f3e03,542,2023-05-09T06:35:48.611556+01:00,barcode08,rabv_ea,11923,10164,10567,346,380,RABV_EA
9b38bf56-6b78-4eaa-aacf-18374872fd05,518,2023-05-09T06:36:10.611556+01:00,barcode08,rabv_ea,11923,319,710,355,374,RABV_EA
64d1e008-761d-42da-b91c-eb906b060db6,475,2023-05-09T06:35:01.611556+01:00,barcode08,rabv_ea,11923,9851,10243,368,384,RABV_EA
3ecc6904-f3d7-423a-a42f-90c94621a41f,501,2023-05-09T06:35:47.611556+01:00,barcode08,*,0,0,0,0,0,*
65e5ce64-2622-4afd-9c35-f4a7b90a12ef,874,2023-05-09T06:36:17.611556+01:00,barcode08,?,11923,0,0,367,388,?
245a039b-055c-4ba9-8747-52316b97ddcb,536,2023-05-09T06:35:00.611556+01:00,barcode08,rabv_ea,11923,10164,10570,362,392,RABV_EA
0419e311-9790-4e6b-843f-cea3b102748e,1722,2023-05-09T06:34:57.611556+01:00,barcode08,?,11923,0,0,384,409,?
310b6558-7a91-4eb5-a2de-833b98987e9f,844,2023-05-09T06:34:57.611556+01:00,barcode08,?,11923,0,0,355,374,?
186134c4-900a-472f-bd9d-66fb0a9ce0ca,1224,2023-05-09T06:35:16.611556+01:00,barcode08,?,11923,0,0,369,388,?
4a2e79ef-be57-4faa-bb76-22d05b4f8efd,1370,2023-05-09T06:35:49.611556+01:00,barcode08,?,11923,0,0,392,409,?
eadb93ea-ddf2-4729-b49f-b5a87ee942d2,936,2023-05-09T06:35:44.611556+01:00,barcode08,?,11923,0,0,366,380,?
99b8c1ed-c9a5-4c82-beac-953045395774,517,2023-05-09T06:35:50.611556+01:00,barcode08,rabv_ea,11923,10164,10576,369,395,RABV_EA
5e514bfb-9b08-43dd-9a7c-a3b4d686c7f0,891,2023-05-09T06:36:20.611556+01:00,barcode08,?,11923,0,0,391,415,?
170edc85-8854-4880-8951-bef6d696f56e,529,2023-05-09T06:35:49.611556+01:00,barcode08,rabv_ea,11923,10164,10564,354,381,RABV_EA
3fa3aac0-bb7d-4281-b1dd-d99ed4897430,462,2023-05-09T06:35:46.611556+01:00,barcode08,rabv_ea,11923,10177,10576,339,378,RABV_EA
e7b8bbd9-b173-40d1-b977-efd4fd7ac274,539,2023-05-09T06:36:13.611556+01:00,barcode08,rabv_ea,11923,10165,10576,380,400,RABV_EA
801871c7-86ce-482a-bf5c-bdac24b012c6,453,2023-05-09T06:35:21.611556+01:00,barcode08,rabv_ea,11923,11112,11493,362,375,RABV_EA
2a0c6472-f9a1-4b62-a566-a6838eeb6e21,503,2023-05-09T06:35:15.611556+01:00,barcode08,rabv_ea,11923,11097,11486,374,382,RABV_EA
423a5cb5-67af-42da-80da-d0a7c4d808a2,473,2023-05-09T06:35:01.611556+01:00,barcode08,rabv_ea,11923,639,1023,345,369,RABV_EA
aecb8a20-3957-4b76-b00e-d1868f53ab22,1266,2023-05-09T06:35:11.611556+01:00,barcode08,?,11923,0,0,396,404,?
f31b8f01-8d11-486a-98df-8ac5fe0b1175,805,2023-05-09T06:35:51.611556+01:00,barcode08,?,11923,0,0,393,415,?
354193a6-4a5f-4c0e-8cf4-9ab66d06fdb5,687,2023-05-09T06:35:16.611556+01:00,barcode08,?,11923,0,0,358,384,?
bc553895-fc28-473a-9b35-748e3038eb7a,301,2023-05-09T06:35:20.611556+01:00,barcode08,rabv_ea,11923,9483,9633,136,145,RABV_EA
96bf7eec-3d2c-44bd-bf39-b3c5d01aed4c,523,2023-05-09T06:35:49.611556+01:00,barcode08,rabv_ea,11923,6424,6829,382,391,RABV_EA
88f22ae6-78a7-4bc7-9768-bf855947de05,896,2023-05-09T06:36:18.611556+01:00,barcode08,?,11923,0,0,375,386,?
27b69f8d-3e08-4bd9-b078-0fe3a3ecaa7b,446,2023-05-09T06:36:18.611556+01:00,barcode08,rabv_ea,11923,11112,11493,348,365,RABV_EA
bd2e164a-11a2-4739-b96b-50293fd8342f,488,2023-05-09T06:36:34.611556+01:00,barcode08,rabv_ea,11923,2747,3139,365,382,RABV_EA
3ec087cd-ba80-4c01-bc66-3a5752bdcc3a,518,2023-05-09T06:35:30.611556+01:00,barcode08,rabv_ea,11923,3385,3791,380,390,RABV_EA
f43a1744-5d24-4f1d-960e-f3512dd05404,1779,2023-05-09T06:36:28.611556+01:00,barcode08,?,11923,0,0,379,403,?
bec2bf86-6b92-4573-a855-773d0fe2730a,539,2023-05-09T06:36:41.611556+01:00,barcode08,rabv_ea,11923,10174,10576,370,394,RABV_EA
c1cd6afc-28f0-4ad0-8253-71b04516d867,544,2023-05-09T06:36:38.611556+01:00,barcode08,rabv_ea,11923,10167,10576,374,394,RABV_EA
ed15a36f-4c79-4cd9-bfda-60be3e518fdc,917,2023-05-09T06:35:47.611556+01:00,barcode08,?,11923,0,0,381,398,?
82ab12b4-89b9-4af1-a33f-565c2365f711,546,2023-05-09T06:35:52.611556+01:00,barcode08,rabv_ea,11923,4626,5051,373,408,RABV_EA
5b507e64-b962-4605-a5d6-cfcc0537a0b7,205,2023-05-09T06:36:34.611556+01:00,barcode08,rabv_ea,11923,3062,3196,121,131,RABV_EA
d5e0df6c-58e3-4d78-992c-a9ba36ebb062,515,2023-05-09T06:35:08.611556+01:00,barcode08,rabv_ea,11923,1864,2264,365,385,RABV_EA
72ea8a41-9961-49a0-9c02-1cc901d98f3c,458,2023-05-09T06:35:06.611556+01:00,barcode08,rabv_ea,11923,11131,11494,329,353,RABV_EA
85cc7240-3307-4ebb-8446-11279df78cf5,545,2023-05-09T06:35:02.611556+01:00,barcode08,rabv_ea,11923,10170,10576,366,396,RABV_EA
0f244bfb-22a0-49c0-8dfd-5483ce349932,468,2023-05-09T06:35:30.611556+01:00,barcode08,rabv_ea,11923,10187,10570,345,373,RABV_EA
57ade188-8f48-4249-a637-f9908d3900a8,458,2023-05-09T06:35:27.611556+01:00,barcode08,rabv_ea,11923,2733,3133,363,378,RABV_EA
33d2daaa-ba72-4973-80a8-d37d67e461bd,1371,2023-05-09T06:36:35.611556+01:00,barcode08,?,11923,0,0,387,411,?
20442bd9-be06-48d5-9b5b-ff4155a4951d,524,2023-05-09T06:36:43.611556+01:00,barcode08,rabv_ea,11923,8930,9313,349,366,RABV_EA
bb22d84b-fc48-4062-af08-5ce668d745f4,1287,2023-05-09T06:34:59.611556+01:00,barcode08,?,11923,0,0,384,405,?
4f9eef1e-5dc0-4e37-bb0a-3a8b25aff03f,515,2023-05-09T06:35:43.611556+01:00,barcode08,rabv_ea,11923,1867,2264,353,380,RABV_EA
babfb579-ab3b-471e-9b0e-5720bd880bbd,503,2023-05-09T06:35:47.611556+01:00,barcode08,*,0,0,0,0,0,*
23ce9c0c-0e01-4ab0-971e-91b53cfcf5ee,939,2023-05-09T06:35:30.611556+01:00,barcode08,?,11923,0,0,371,381,?
cb7986fd-e5c7-4260-86ae-034a66577070,519,2023-05-09T06:35:28.611556+01:00,barcode08,rabv_ea,11923,10164,10536,301,336,RABV_EA
eb193985-711a-4429-afda-4e17487127f8,1470,2023-05-09T06:36:36.611556+01:00,barcode08,?,11923,0,0,374,383,?
169f003a-ffaf-45bc-9802-abb5c6d835fe,502,2023-05-09T06:36:42.611556+01:00,barcode08,rabv_ea,11923,319,705,340,370,RABV_EA
dca4fef2-89c7-4363-9edb-0139975ebaf3,477,2023-05-09T06:35:46.611556+01:00,barcode08,rabv_ea,11923,4643,5051,368,391,RABV_EA
73c920bd-34bf-432a-b519-c3a206bfeff0,864,2023-05-09T06:36:40.611556+01:00,barcode08,?,11923,0,0,350,370,?
7c9626ae-3136-4e6d-97c8-292667f1c1d5,1079,2023-05-09T06:35:29.611556+01:00,barcode08,?,11923,0,0,372,392,?
50e2114c-344f-455a-9673-750989d1504e,849,2023-05-09T06:36:38.611556+01:00,barcode08,?,11923,0,0,372,386,?
4c19b460-ee53-48ad-8ebb-d255ed393fde,471,2023-05-09T06:35:43.611556+01:00,barcode08,rabv_ea,11923,10181,10562,350,376,RABV_EA
251a1867-d1e1-4539-9567-8367bffcb1b1,913,2023-05-09T06:35:56.611556+01:00,barcode08,?,11923,0,0,356,384,?
44b3c5e4-e465-447b-9913-1e277fd6273f,495,2023-05-09T06:36:53.611556+01:00,barcode08,rabv_ea,11923,10172,10576,342,374,RABV_EA
000685fb-1f5a-43f7-8059-9f5a0aba63ae,520,2023-05-09T06:36:43.611556+01:00,barcode08,rabv_ea,11923,319,696,345,369,RABV_EA
4f003142-3c6c-4319-9ebf-16055e4b19a4,498,2023-05-09T06:36:48.611556+01:00,barcode08,rabv_ea,11923,321,689,312,335,RABV_EA
ed61b319-692e-4cfc-a188-8d7184ecf7d2,527,2023-05-09T06:36:45.611556+01:00,barcode08,rabv_ea,11923,2740,3148,371,388,RABV_EA
64155548-e766-41d8-a526-61891aa49373,492,2023-05-09T06:35:41.611556+01:00,barcode08,rabv_ea,11923,10175,10562,336,374,RABV_EA
4d6426f7-af61-4df9-bc2e-f4855a635450,350,2023-05-09T06:36:47.611556+01:00,barcode08,?,11923,0,0,89,90,?
65aceb15-e728-44a1-90ea-d37e52c702db,1272,2023-05-09T06:36:41.611556+01:00,barcode08,rabv_ea,11923,11392,11781,374,387,RABV_EA
c4abfb29-6016-42c9-ab64-d6c0636fe3c1,540,2023-05-09T06:36:51.611556+01:00,barcode08,rabv_ea,11923,10164,10576,389,409,RABV_EA
ced8d522-a7c4-4438-bbe6-3b3722a77808,454,2023-05-09T06:36:01.611556+01:00,barcode08,rabv_ea,11923,9536,9927,368,383,RABV_EA
a30fcd6d-b4bf-48a8-b263-f4fcaaf0db12,656,2023-05-09T06:36:00.611556+01:00,barcode08,?,11923,0,0,375,403,?
66c93711-907d-4248-b92b-f2e2f832f2b1,1511,2023-05-09T06:36:46.611556+01:00,barcode08,?,11923,0,0,367,388,?
d1a73b73-1cdc-453e-8ce3-e32e5ef89b59,228,2023-05-09T06:36:03.611556+01:00,barcode08,rabv_ea,11923,4339,4438,94,95,RABV_EA
a4d623a5-ba67-4527-9ac2-bcac11690b83,866,2023-05-09T06:36:00.611556+01:00,barcode08,?,11923,0,0,380,394,?
860bb519-9771-4c74-a3fa-0aaea18773df,552,2023-05-09T06:36:41.611556+01:00,barcode08,rabv_ea,11923,10187,10587,340,371,RABV_EA
884baf69-dcb3-4fb0-a0d9-1644b8a15248,518,2023-05-09T06:35:40.611556+01:00,barcode08,rabv_ea,11923,319,709,370,381,RABV_EA
dd5ebfed-3f57-4070-ade2-3b440b0838bc,497,2023-05-09T06:36:42.611556+01:00,barcode08,rabv_ea,11923,1864,2264,338,370,RABV_EA
3e739e39-8563-4757-b37b-6154f07beaa8,545,2023-05-09T06:36:43.611556+01:00,barcode08,rabv_ea,11923,8927,9325,380,396,RABV_EA
42a02e8c-0a47-4be3-bb34-14ff7e93eba0,873,2023-05-09T06:36:42.611556+01:00,barcode08,?,11923,0,0,352,368,?
ff462d1c-82df-4db3-9c7e-0811f6f6cf25,538,2023-05-09T06:36:44.611556+01:00,barcode08,rabv_ea,11923,4644,5050,366,394,RABV_EA
ed20fb59-8bea-4c46-a2a0-ca95211f9322,463,2023-05-09T06:36:39.611556+01:00,barcode08,rabv_ea,11923,2733,3134,374,384,RABV_EA
80b5beb4-f5f3-4159-843b-326d3f3c3ff8,522,2023-05-09T06:36:42.611556+01:00,barcode08,rabv_ea,11923,11096,11493,376,390,RABV_EA
44b51304-38be-4cd0-acff-7c1c4785ba6a,1723,2023-05-09T06:36:43.611556+01:00,barcode08,?,11923,0,0,385,397,?
f75fc82c-68e2-4b66-8323-d67524d3a999,520,2023-05-09T06:35:59.611556+01:00,barcode08,rabv_ea,11923,10178,10576,354,378,RABV_EA
84201254-5aab-4b88-9809-55993983b990,512,2023-05-09T06:36:51.611556+01:00,barcode08,rabv_ea,11923,319,705,349,369,RABV_EA
58d7edbb-d04c-474b-afdd-03ef0183c1de,513,2023-05-09T06:36:50.611556+01:00,barcode08,rabv_ea,11923,58,459,364,385,RABV_EA
42aac8e1-7623-4e69-b96d-5b367a55ae37,529,2023-05-09T06:35:39.611556+01:00,barcode08,rabv_ea,11923,328,709,360,370,RABV_EA
ea1efa5a-ecc5-4219-85b4-078e918db785,507,2023-05-09T06:35:38.611556+01:00,barcode08,rabv_ea,11923,1864,2264,380,397,RABV_EA
b0ab10e0-0eac-4ae9-a8f6-9fa10e033aec,1198,2023-05-09T06:35:40.611556+01:00,barcode08,?,11923,0,0,358,376,?
871867d8-dd7a-4274-9ffa-23ad0b1cf6ee,1144,2023-05-09T06:36:43.611556+01:00,barcode08,?,11923,0,0,397,411,?
4f9da751-6beb-4d2a-84fb-bede95a6adb5,461,2023-05-09T06:36:42.611556+01:00,barcode08,rabv_ea,11923,1879,2264,362,379,RABV_EA
ee071b37-f61c-4a8d-902c-eaa0c89ba50a,521,2023-05-09T06:36:03.611556+01:00,barcode08,rabv_ea,11923,8927,9325,373,386,RABV_EA
0b4fa0b0-8dfb-4568-b230-01ef0db25b1c,390,2023-05-09T06:36:45.611556+01:00,barcode08,?,11923,0,0,145,151,?
674820f5-ee46-4487-be79-4f83a3918446,521,2023-05-09T06:36:46.611556+01:00,barcode08,rabv_ea,11923,10164,10516,319,341,RABV_EA
a5e548a3-c2fb-4f4a-86cf-ee6af50f127f,521,2023-05-09T06:36:01.611556+01:00,barcode08,rabv_ea,11923,4644,5051,359,386,RABV_EA
d7ab3d9f-4663-4480-b49d-62b2b766c2d9,474,2023-05-09T06:36:01.611556+01:00,barcode08,rabv_ea,11923,9851,10247,351,379,RABV_EA
ab8d6aec-ef39-4e44-addd-3308bdbe1cbb,279,2023-05-09T06:35:55.611556+01:00,barcode08,rabv_ea,11923,3062,3252,182,190,RABV_EA
b59ef284-9e79-4799-b195-b7f2f0812651,545,2023-05-09T06:35:58.611556+01:00,barcode08,rabv_ea,11923,10164,10559,350,384,RABV_EA
866c9c86-9000-4cdd-837d-e1b5f91071fe,511,2023-05-09T06:35:52.611556+01:00,barcode08,rabv_ea,11923,319,696,347,367,RABV_EA
92f55f41-fca9-45ac-b959-16819cc96b6c,485,2023-05-09T06:35:59.611556+01:00,barcode08,rabv_ea,11923,1864,2264,355,379,RABV_EA
0b6318c2-771c-4e48-b123-c6c8b32e09be,788,2023-05-09T06:36:46.611556+01:00,barcode08,rabv_ea,11923,9851,10261,380,395,RABV_EA
5fe75719-f5c6-43bb-aede-8ed343adfa68,456,2023-05-09T06:36:33.611556+01:00,barcode08,rabv_ea,11923,11110,11494,364,375,RABV_EA
80a16f79-53fb-49ee-abc4-7350bd461b65,527,2023-05-09T06:36:48.611556+01:00,barcode08,rabv_ea,11923,10170,10568,335,367,RABV_EA
f167d059-42a1-40c6-b7e7-154f6ea2035e,1805,2023-05-09T06:35:57.611556+01:00,barcode08,?,11923,0,0,356,381,?
70f8ca9b-2a4f-4531-8aa6-67efad66c869,520,2023-05-09T06:36:03.611556+01:00,barcode08,rabv_ea,11923,4633,5051,373,399,RABV_EA
68060986-def6-4907-b01b-f526642e4f08,472,2023-05-09T06:35:59.611556+01:00,barcode08,rabv_ea,11923,956,1334,342,372,RABV_EA
bc9db016-95fd-49dc-8d3e-54cd881711fc,477,2023-05-09T06:36:54.611556+01:00,barcode08,rabv_ea,11923,10177,10576,350,386,RABV_EA
4dbedfbe-e5c7-4bce-bd67-047809bf9569,173,2023-05-09T06:36:59.611556+01:00,barcode08,*,0,0,0,0,0,*
7d0a0218-c26d-4b29-af0a-e402b1523601,472,2023-05-09T06:35:58.611556+01:00,barcode08,rabv_ea,11923,8947,9318,338,363,RABV_EA
c7cf3340-20ac-4daa-8cff-09d121a58b32,369,2023-05-09T06:36:58.611556+01:00,barcode08,rabv_ea,11923,3080,3283,187,197,RABV_EA
4c8e0d25-d48c-4648-955b-71748f40fb4a,465,2023-05-09T06:36:44.611556+01:00,barcode08,rabv_ea,11923,9851,10247,368,388,RABV_EA
8fba1b73-2753-4999-9edd-5a8ccf05abee,901,2023-05-09T06:36:47.611556+01:00,barcode08,?,11923,0,0,373,387,?
0a16d3f0-b243-41bc-bd3c-1c651fcb627f,977,2023-05-09T06:35:53.611556+01:00,barcode08,rabv_ea,11923,11101,11494,345,371,RABV_EA
50c4edc8-1279-47d1-8891-c67a10e39c41,523,2023-05-09T06:35:53.611556+01:00,barcode08,rabv_ea,11923,10164,10576,362,390,RABV_EA
9b656591-66d7-49fe-88b0-845860abe29c,892,2023-05-09T06:35:55.611556+01:00,barcode08,rabv_ea,11923,11393,11794,361,387,RABV_EA
dd98905b-de92-4112-bf32-3748ad32a7b6,541,2023-05-09T06:36:55.611556+01:00,barcode08,rabv_ea,11923,10164,10576,381,401,RABV_EA
1a52fdb4-de49-46f7-a350-a495e037a133,461,2023-05-09T06:36:56.611556+01:00,barcode08,rabv_ea,11923,7690,8067,353,369,RABV_EA
9dda4cb2-4416-48dc-bbae-a51c23859933,462,2023-05-09T06:36:49.611556+01:00,barcode08,rabv_ea,11923,9864,10263,372,386,RABV_EA
1ec0d4ce-cf0a-46a1-89b1-eb5b68c4b535,462,2023-05-09T06:35:55.611556+01:00,barcode08,rabv_ea,11923,11405,11796,356,377,RABV_EA
7a2ba124-e801-482f-8488-38de54d362a7,507,2023-05-09T06:36:44.611556+01:00,barcode08,rabv_ea,11923,7733,8081,320,332,RABV_EA
dc28a87e-26b9-43b4-bd54-7b463f6c9140,754,2023-05-09T06:36:57.611556+01:00,barcode08,?,11923,0,0,365,388,?
07a02a76-660a-4644-8d4d-62790fe1079c,1285,2023-05-09T06:35:56.611556+01:00,barcode08,?,11923,0,0,376,394,?
7f7e56fc-5cce-472f-bc75-c11d42ad0502,1530,2023-05-09T06:35:59.611556+01:00,barcode08,?,11923,0,0,360,378,?
8de6e075-6987-47dc-8ab3-e5f4ba4cd4e9,455,2023-05-09T06:36:01.611556+01:00,barcode08,rabv_ea,11923,9864,10259,368,379,RABV_EA
8073874e-b9a0-4b5c-804c-a37a9fdff974,937,2023-05-09T06:35:53.611556+01:00,barcode08,?,11923,0,0,374,401,?
8ee6ffa2-8972-44f6-90e7-ab39b7ca274d,561,2023-05-09T06:37:14.611556+01:00,barcode08,rabv_ea,11923,10165,10571,360,393,RABV_EA
1144d683-efa3-4f28-ae0b-c364f6fe21c6,794,2023-05-09T06:36:10.611556+01:00,barcode08,rabv_ea,11923,10164,10573,378,401,RABV_EA
4c13d2cd-0e65-4eb6-8f1d-920f339bc6f6,908,2023-05-09T06:36:53.611556+01:00,barcode08,?,11923,0,0,356,376,?
c790dd8c-43ee-4552-872f-1b757f1b4556,877,2023-05-09T06:36:10.611556+01:00,barcode08,?,11923,0,0,367,379,?
c84d38f9-1c3e-48a7-805c-53716bfafaea,446,2023-05-09T06:35:57.611556+01:00,barcode08,rabv_ea,11923,319,694,351,365,RABV_EA
8c1d0875-dc08-4d31-964e-7e116d8ad9fc,969,2023-05-09T06:36:57.611556+01:00,barcode08,?,11923,0,0,380,389,?
1f16ae19-e8d7-4d7c-9ed6-8071e6ebf329,521,2023-05-09T06:37:11.611556+01:00,barcode08,rabv_ea,11923,3394,3791,360,381,RABV_EA
ce3fb458-1ce0-47ef-8c5c-6729b18fb2b3,461,2023-05-09T06:36:12.611556+01:00,barcode08,rabv_ea,11923,11407,11795,366,379,RABV_EA
05edeace-c4f2-4146-9591-cc212b490f8f,514,2023-05-09T06:37:15.611556+01:00,barcode08,rabv_ea,11923,6464,6828,334,347,RABV_EA
96254f74-aa18-4391-8654-bea0167d28b1,535,2023-05-09T06:36:18.611556+01:00,barcode08,rabv_ea,11923,10164,10576,354,388,RABV_EA
967052d6-3428-4931-811d-fa2b7a694e2f,981,2023-05-09T06:37:10.611556+01:00,barcode08,?,11923,0,0,346,362,?
1625dc37-0312-40b6-8ad3-ad9fb6e00d7d,588,2023-05-09T06:37:10.611556+01:00,barcode08,rabv_ea,11923,1878,2263,346,367,RABV_EA
57319d7e-58d4-41a5-9d6a-2cfb582ede89,458,2023-05-09T06:37:10.611556+01:00,barcode08,rabv_ea,11923,6439,6795,335,346,RABV_EA
9bd75d5e-4f7e-4c63-83ec-0d2941fe584c,443,2023-05-09T06:37:14.611556+01:00,barcode08,rabv_ea,11923,9877,10252,334,352,RABV_EA
ec4f5c34-f72c-4ae5-9cdb-cc508d82c18a,1240,2023-05-09T06:37:05.611556+01:00,barcode08,?,11923,0,0,361,377,?
07fbf479-a529-40c2-8eda-929f1b64c47e,913,2023-05-09T06:36:17.611556+01:00,barcode08,?,11923,0,0,364,380,?
1a1adbb8-1c95-42fd-92af-6f9dac64cf42,465,2023-05-09T06:36:08.611556+01:00,barcode08,rabv_ea,11923,10165,10561,362,386,RABV_EA
e9a4f1eb-cea6-4728-a71f-9c42c36a86f1,551,2023-05-09T06:36:59.611556+01:00,barcode08,rabv_ea,11923,11391,11785,365,388,RABV_EA
8bee5e1c-cccc-41b3-b5a3-c2a3838ed2cf,1113,2023-05-09T06:36:04.611556+01:00,barcode08,?,11923,0,0,384,411,?
4da77ceb-1506-4649-8c40-ef5c53865bcd,578,2023-05-09T06:36:22.611556+01:00,barcode08,rabv_ea,11923,6431,6819,355,372,RABV_EA
91e3fa93-86f2-4d18-9be6-c5b565a89a43,912,2023-05-09T06:37:14.611556+01:00,barcode08,?,11923,0,0,369,392,?
130c75a7-0417-4af3-99fb-30a7bcf064ce,551,2023-05-09T06:36:19.611556+01:00,barcode08,rabv_ea,11923,4626,5047,369,403,RABV_EA
372a3e55-3f28-49c3-b26f-3a779605bd77,764,2023-05-09T06:37:15.611556+01:00,barcode08,rabv_ea,11923,3392,3788,378,389,RABV_EA
04d53aaf-aef6-4f9e-bd7a-514766d15885,459,2023-05-09T06:37:09.611556+01:00,barcode08,rabv_ea,11923,1876,2264,354,378,RABV_EA
9ac10315-3fa0-43bc-a454-5be6b18d611b,448,2023-05-09T06:37:11.611556+01:00,barcode08,rabv_ea,11923,1864,2248,354,370,RABV_EA
62b6faad-aba9-421f-802a-9ce375646455,483,2023-05-09T06:36:21.611556+01:00,barcode08,rabv_ea,11923,333,708,328,346,RABV_EA
7fb78e46-cb27-4961-b121-ba701cf69d83,526,2023-05-09T06:36:03.611556+01:00,barcode08,rabv_ea,11923,10164,10574,372,400,RABV_EA
dc0f0569-6a1c-4a17-895b-66b5a572990e,1026,2023-05-09T06:36:16.611556+01:00,barcode08,?,11923,0,0,380,395,?
fe4e84fd-2811-40ce-9569-d8044cfd2e8d,891,2023-05-09T06:36:25.611556+01:00,barcode08,?,11923,0,0,372,410,?
7c5bd8b8-f3a1-451d-aa6b-2a27f483e760,525,2023-05-09T06:36:04.611556+01:00,barcode08,rabv_ea,11923,10164,10580,369,401,RABV_EA
41913978-3585-43ac-a4e6-529ceaa0078a,473,2023-05-09T06:37:12.611556+01:00,barcode08,rabv_ea,11923,9865,10260,361,386,RABV_EA
059d9808-a823-4bb5-96da-ceab649e0bcf,518,2023-05-09T06:36:23.611556+01:00,barcode08,rabv_ea,11923,11097,11494,369,387,RABV_EA
0e13ee94-d9cb-4c7a-9d40-39daebefed88,485,2023-05-09T06:36:15.611556+01:00,barcode08,rabv_ea,11923,10166,10532,329,360,RABV_EA
266ee04b-fa00-40d7-86a4-a7c3ef4dbfdd,1641,2023-05-09T06:36:23.611556+01:00,barcode08,?,11923,0,0,345,375,?
f01f4403-b116-4eab-b5ee-3844b3423532,502,2023-05-09T06:37:08.611556+01:00,barcode08,rabv_ea,11923,319,702,354,370,RABV_EA
8c89b066-0c14-41fe-b43a-d8404e37c338,862,2023-05-09T06:36:26.611556+01:00,barcode08,?,11923,0,0,384,398,?
06ceef8f-c1f1-4b78-bdf6-255e1d13cb06,543,2023-05-09T06:36:25.611556+01:00,barcode08,rabv_ea,11923,9851,10263,360,387,RABV_EA
e7fb03b1-6dde-4cd3-8f45-b76f8fe1dd53,772,2023-05-09T06:36:24.611556+01:00,barcode08,?,11923,0,0,371,391,?
90c3b27e-b198-412a-949c-17f4473f0ac0,509,2023-05-09T06:36:25.611556+01:00,barcode08,rabv_ea,11923,6133,6528,369,384,RABV_EA
26b0d967-e596-4b5d-80b7-56700c976ee3,475,2023-05-09T06:36:25.611556+01:00,barcode08,rabv_ea,11923,2733,3136,372,389,RABV_EA
3635d138-ff38-4644-baf6-8dad4dc04e8e,463,2023-05-09T06:37:22.611556+01:00,barcode08,rabv_ea,11923,4626,5013,349,370,RABV_EA
6a260247-0866-4c38-ad1f-02e1c7dcae4f,550,2023-05-09T06:36:25.611556+01:00,barcode08,rabv_ea,11923,10164,10576,379,404,RABV_EA
947ef66a-984e-49ff-bec4-64291845b7f2,483,2023-05-09T06:36:24.611556+01:00,barcode08,rabv_ea,11923,4626,5035,371,398,RABV_EA
90af2ed4-013c-447b-9176-07a1169fd109,294,2023-05-09T06:36:14.611556+01:00,barcode08,rabv_ea,11923,4626,4752,113,120,RABV_EA
6800d3b0-fdeb-4163-a883-18d8941b93bf,487,2023-05-09T06:36:15.611556+01:00,barcode08,rabv_ea,11923,11392,11796,373,387,RABV_EA
80acc7c8-85d6-4384-a7c1-f2c309a431e1,1042,2023-05-09T06:36:13.611556+01:00,barcode08,rabv_ea,11923,11097,11483,369,383,RABV_EA
fb15aa93-3a06-4f10-a5d3-af424db9a45c,901,2023-05-09T06:37:20.611556+01:00,barcode08,?,11923,0,0,312,329,?
9ff24322-116e-4d71-bffc-5b9aab7cd4a3,411,2023-05-09T06:37:33.611556+01:00,barcode08,rabv_ea,11923,5198,5533,321,331,RABV_EA
5722e8e0-e184-42cd-9f3c-842d1b5c9c03,928,2023-05-09T06:36:16.611556+01:00,barcode08,?,11923,0,0,364,380,?
ec012e09-4131-4a1d-bbac-ba8a209c84c0,389,2023-05-09T06:37:26.611556+01:00,barcode08,rabv_ea,11923,1873,2198,280,309,RABV_EA
4b6154ec-dd06-4631-b54c-e62a40b2e33d,522,2023-05-09T06:36:25.611556+01:00,barcode08,rabv_ea,11923,10164,10574,379,399,RABV_EA
0c1709db-0d0e-4399-bfeb-a0531f90d580,2147,2023-05-09T06:37:17.611556+01:00,barcode08,?,11923,0,0,352,377,?
7429bf71-9555-4365-8e13-1e91d8a5dc85,404,2023-05-09T06:37:23.611556+01:00,barcode08,rabv_ea,11923,11183,11487,288,299,RABV_EA
c3c6dbd5-4b17-4d52-82db-d3b76d65e568,875,2023-05-09T06:36:14.611556+01:00,barcode08,?,11923,0,0,354,366,?
f00c73a9-5d20-4d1c-8507-0c7d10c1c005,443,2023-05-09T06:36:17.611556+01:00,barcode08,rabv_ea,11923,319,695,334,363,RABV_EA
c0a979f0-7826-4b38-9ca3-89cac02c6c97,463,2023-05-09T06:37:34.611556+01:00,barcode08,rabv_ea,11923,3062,3457,356,378,RABV_EA
082df99e-5f91-4deb-8ac9-0ff28ea3f571,539,2023-05-09T06:37:24.611556+01:00,barcode08,rabv_ea,11923,4626,5051,371,401,RABV_EA
37d951b0-489a-40e1-981b-539050da5c7d,949,2023-05-09T06:36:31.611556+01:00,barcode08,?,11923,0,0,358,389,?
2e9f98c2-bb86-4bdf-a64f-eadfe4e641c4,195,2023-05-09T06:36:38.611556+01:00,barcode08,*,0,0,0,0,0,*
429ba92b-e133-4d5b-bf01-73f5d0d6349f,940,2023-05-09T06:36:24.611556+01:00,barcode08,?,11923,0,0,361,387,?
232c6c6b-37f1-4848-8eba-31db074bedbc,1759,2023-05-09T06:37:19.611556+01:00,barcode08,?,11923,0,0,382,402,?
a366d58a-4df0-4e67-aaa1-476e0494bbe2,531,2023-05-09T06:36:23.611556+01:00,barcode08,rabv_ea,11923,10164,10576,371,399,RABV_EA
208d1ce2-4346-4f94-a8c8-9fe750baf3fb,434,2023-05-09T06:36:26.611556+01:00,barcode08,rabv_ea,11923,324,687,315,336,RABV_EA
be12996d-2cc4-4b2f-a17e-577acb3ffd33,501,2023-05-09T06:36:26.611556+01:00,barcode08,rabv_ea,11923,10168,10576,359,392,RABV_EA
a53653a0-f7c3-43c9-8568-1b4c0d786b44,508,2023-05-09T06:37:33.611556+01:00,barcode08,rabv_ea,11923,8927,9325,376,387,RABV_EA
0f6ef0c8-7bb9-462f-a3fc-101671014727,691,2023-05-09T06:37:35.611556+01:00,barcode08,?,11923,0,0,391,416,?
b64882e7-2ad7-4913-85e5-6b22eb54d4e6,924,2023-05-09T06:37:31.611556+01:00,barcode08,?,11923,0,0,375,398,?
0d6b3f75-2e3b-43c9-ab3a-a7c81ec796d2,868,2023-05-09T06:37:31.611556+01:00,barcode08,?,11923,0,0,389,407,?
fc66b7a2-3220-40eb-be8e-a13773145917,182,2023-05-09T06:37:35.611556+01:00,barcode08,rabv_ea,11923,9851,9965,110,113,RABV_EA
9c477438-13e1-4de7-9e14-e75478e3543a,530,2023-05-09T06:36:24.611556+01:00,barcode08,rabv_ea,11923,10167,10575,363,391,RABV_EA
045ad760-1a7f-481f-af32-43d162268b97,536,2023-05-09T06:36:35.611556+01:00,barcode08,rabv_ea,11923,9851,10263,385,403,RABV_EA
013766b2-9931-44d8-9d6c-aa417338543d,449,2023-05-09T06:36:29.611556+01:00,barcode08,rabv_ea,11923,4893,5284,357,370,RABV_EA
4813db29-a483-4ad4-ab3a-705c4e183f71,326,2023-05-09T06:36:36.611556+01:00,barcode08,*,0,0,0,0,0,*
ba0ff23f-6800-4a64-8bd5-01a514109920,893,2023-05-09T06:36:37.611556+01:00,barcode08,?,11923,0,0,395,408,?
4154ad5e-871e-4479-b88d-166e1806b1d0,969,2023-05-09T06:37:40.611556+01:00,barcode08,?,11923,0,0,368,383,?
0bffd52b-79f4-432b-b72e-5d899c06f624,459,2023-05-09T06:37:44.611556+01:00,barcode08,rabv_ea,11923,11110,11494,356,375,RABV_EA
1312abe9-0b5c-41e2-ac18-ad2295b858d1,281,2023-05-09T06:36:38.611556+01:00,barcode08,rabv_ea,11923,4339,4513,161,172,RABV_EA
1dfcd1de-a86e-40ff-b5db-8a7bcb34f361,480,2023-05-09T06:37:46.611556+01:00,barcode08,rabv_ea,11923,10164,10564,365,390,RABV_EA
8cea9015-76bd-4c08-a63c-5fe06336e0ab,409,2023-05-09T06:36:32.611556+01:00,barcode08,rabv_ea,11923,5199,5552,320,336,RABV_EA
d5d9a915-31d0-4b07-96c6-9bad0fb144ef,536,2023-05-09T06:36:38.611556+01:00,barcode08,rabv_ea,11923,10164,10576,380,404,RABV_EA
1bc7e6e4-35ba-4a90-b793-16f2dfd69d9a,529,2023-05-09T06:37:28.611556+01:00,barcode08,rabv_ea,11923,10166,10573,356,391,RABV_EA
9a8b27b5-f511-4569-aed1-c43ff2d398d4,509,2023-05-09T06:37:44.611556+01:00,barcode08,rabv_ea,11923,319,707,348,374,RABV_EA
a331b195-ef11-4723-baf1-add37b6625b7,559,2023-05-09T06:36:57.611556+01:00,barcode08,rabv_ea,11923,10166,10576,377,404,RABV_EA
0d773554-dedf-45d9-bcc3-df7da77dc9fc,394,2023-05-09T06:36:57.611556+01:00,barcode08,rabv_ea,11923,1873,2184,289,308,RABV_EA
63c4a62a-af18-408f-9ad3-6cef0123f029,1354,2023-05-09T06:36:52.611556+01:00,barcode08,?,11923,0,0,367,389,?
d97bb9a0-7b91-418f-80af-70e11f0df24e,1140,2023-05-09T06:37:56.611556+01:00,barcode08,?,11923,0,0,358,391,?
d7a3426b-a6bf-4eb9-afde-ea894522f3aa,379,2023-05-09T06:37:27.611556+01:00,barcode08,?,11923,0,0,136,138,?
40320702-51fa-447d-a5b9-e208c14ad1b4,877,2023-05-09T06:37:29.611556+01:00,barcode08,rabv_ea,11923,10164,11477,741,779,RABV_EA
7feda00b-0452-4178-9aa8-c1e5a6b5f462,548,2023-05-09T06:37:54.611556+01:00,barcode08,rabv_ea,11923,9851,10263,364,391,RABV_EA
61b4ee1a-f8e1-4c72-8eec-5e08433b7625,219,2023-05-09T06:36:33.611556+01:00,barcode08,*,0,0,0,0,0,*
b081acb2-ef55-42a9-b170-0915399dec85,447,2023-05-09T06:37:54.611556+01:00,barcode08,rabv_ea,11923,1880,2244,312,334,RABV_EA
b90f1b1b-5167-46c9-8a4f-9870ad456704,874,2023-05-09T06:36:29.611556+01:00,barcode08,?,11923,0,0,359,374,?
05ec9b3c-8d35-4ac2-ab86-d040273e8316,446,2023-05-09T06:36:32.611556+01:00,barcode08,rabv_ea,11923,3062,3455,361,374,RABV_EA
dc7636bb-e085-4cd4-8b83-bef0668a338e,1279,2023-05-09T06:36:45.611556+01:00,barcode08,?,11923,0,0,367,394,?
dc78fe39-8b1e-4c47-b9fa-28db85d7ce12,871,2023-05-09T06:36:45.611556+01:00,barcode08,?,11923,0,0,382,392,?
ebaee70b-6391-42e3-adf1-39cd82cf919a,455,2023-05-09T06:36:44.611556+01:00,barcode08,rabv_ea,11923,5196,5595,353,380,RABV_EA
1b7b04aa-af15-420e-9640-3c4d7d5e9062,518,2023-05-09T06:36:53.611556+01:00,barcode08,rabv_ea,11923,335,679,312,329,RABV_EA
533966b5-72cb-447b-8416-cb27fd0570b1,473,2023-05-09T06:37:01.611556+01:00,barcode08,rabv_ea,11923,3062,3455,354,374,RABV_EA
321f37a4-8361-447a-92f5-9b1768108dea,1332,2023-05-09T06:36:41.611556+01:00,barcode08,?,11923,0,0,371,385,?
e0a3a2ba-6c6f-4aff-a6b2-a42e5e21b10b,1223,2023-05-09T06:36:44.611556+01:00,barcode08,*,0,0,0,0,0,*
164d2904-6a45-420c-bc0b-202a002c86c5,917,2023-05-09T06:36:46.611556+01:00,barcode08,?,11923,0,0,372,390,?
cff79c23-aa72-4d3a-bd0e-40753cd88c40,481,2023-05-09T06:37:37.611556+01:00,barcode08,rabv_ea,11923,10174,10573,331,352,RABV_EA
77263b79-4808-464a-b2f1-4157858116af,547,2023-05-09T06:38:01.611556+01:00,barcode08,rabv_ea,11923,10164,10576,350,390,RABV_EA
37e44e59-40f4-4271-8b8b-17ffc032ede0,544,2023-05-09T06:36:52.611556+01:00,barcode08,rabv_ea,11923,2733,3149,387,404,RABV_EA
be3703b7-bfab-4484-af5a-16635e0a42b6,424,2023-05-09T06:36:50.611556+01:00,barcode08,rabv_ea,11923,319,686,322,344,RABV_EA
0b615148-a406-4e93-aafc-e1d3f5099024,911,2023-05-09T06:37:47.611556+01:00,barcode08,rabv_ea,11923,2735,3150,397,410,RABV_EA
d17baa12-457d-49ea-926c-671f7ed6c31a,535,2023-05-09T06:36:44.611556+01:00,barcode08,rabv_ea,11923,10172,10576,348,389,RABV_EA
ab48a5be-7420-4855-a3df-14092002d500,1717,2023-05-09T06:36:42.611556+01:00,barcode08,rabv_ea,11923,1864,2258,347,368,RABV_EA
6bedfb7a-4cf3-481d-bf48-715bef0f8be8,473,2023-05-09T06:38:03.611556+01:00,barcode08,rabv_ea,11923,2446,2829,361,374,RABV_EA
3aab8492-7c4b-4b15-9b6c-9b90b83acc3c,311,2023-05-09T06:38:00.611556+01:00,barcode08,rabv_ea,11923,10164,10403,228,238,RABV_EA
25061a40-4448-476a-b74f-1d796b879739,410,2023-05-09T06:37:03.611556+01:00,barcode08,rabv_ea,11923,2450,2790,315,328,RABV_EA
737acfab-a1ae-4065-a2cb-5870787f975a,517,2023-05-09T06:36:51.611556+01:00,barcode08,rabv_ea,11923,319,710,357,383,RABV_EA
b0c10bdd-75f0-4b54-aa20-b8c1c5123c9b,540,2023-05-09T06:37:59.611556+01:00,barcode08,rabv_ea,11923,4626,5051,384,413,RABV_EA
88a51d07-4c18-4888-bfc9-e1ff426ba174,921,2023-05-09T06:37:49.611556+01:00,barcode08,?,11923,0,0,381,408,?
89293d7c-9194-46d1-8bb2-c8eb42dd623e,924,2023-05-09T06:37:24.611556+01:00,barcode08,?,11923,0,0,365,385,?
e82d1b5a-8479-4c3a-8989-14f40a5615b9,400,2023-05-09T06:37:16.611556+01:00,barcode08,rabv_ea,11923,11392,11702,282,300,RABV_EA
6181ea7d-a1c7-43a0-ad02-e058897759c4,232,2023-05-09T06:38:03.611556+01:00,barcode08,*,0,0,0,0,0,*
7a12516c-efe7-4d50-9a2c-01d2d0ce4f5e,455,2023-05-09T06:37:14.611556+01:00,barcode08,rabv_ea,11923,6424,6819,354,368,RABV_EA
768a3070-3f31-4e58-b3bd-5072e6d5788b,484,2023-05-09T06:37:59.611556+01:00,barcode08,*,0,0,0,0,0,*
2c12fd71-3f6a-4bfe-beac-fe1c23909315,476,2023-05-09T06:37:54.611556+01:00,barcode08,rabv_ea,11923,4639,5040,359,390,RABV_EA
f9cf7d31-26ff-445e-9307-0151bb72c920,509,2023-05-09T06:37:58.611556+01:00,barcode08,*,0,0,0,0,0,*
67fd5266-1158-4d65-933b-7e611a7411a4,932,2023-05-09T06:37:40.611556+01:00,barcode08,?,11923,0,0,380,396,?
f3669c5c-e38c-46f5-afe0-f7287328b476,466,2023-05-09T06:37:03.611556+01:00,barcode08,rabv_ea,11923,11407,11796,363,380,RABV_EA
8f42fb4b-c303-4caf-8321-fea99625aeba,830,2023-05-09T06:36:59.611556+01:00,barcode08,rabv_ea,11923,2732,3149,388,406,RABV_EA
6cb8d720-7c05-43a2-a4b7-4fef57ae25cc,543,2023-05-09T06:37:02.611556+01:00,barcode08,rabv_ea,11923,10164,10576,379,405,RABV_EA
47cbf61e-c67e-4f2b-8a2b-2f377f39a8ad,937,2023-05-09T06:37:02.611556+01:00,barcode08,?,11923,0,0,358,373,?
ed9d3795-118e-449f-8f27-fcd2291fd4e4,880,2023-05-09T06:37:03.611556+01:00,barcode08,?,11923,0,0,376,396,?
32268f3c-ef2c-4e4c-99c2-27d9e735a40a,214,2023-05-09T06:38:03.611556+01:00,barcode08,rabv_ea,11923,4626,4776,140,146,RABV_EA
7430cb80-1e55-4f6f-8094-57546c637f15,526,2023-05-09T06:37:56.611556+01:00,barcode08,rabv_ea,11923,8927,9304,337,362,RABV_EA
38713001-592f-4ef6-affd-8fc3ab756f70,425,2023-05-09T06:37:04.611556+01:00,barcode08,rabv_ea,11923,3385,3734,321,343,RABV_EA
d335cade-90b1-4578-a7e6-1e80bba870d9,827,2023-05-09T06:38:04.611556+01:00,barcode08,?,11923,0,0,349,359,?
4a7dfda5-8820-47dc-93de-3ffaadbcfb49,738,2023-05-09T06:36:59.611556+01:00,barcode08,?,11923,0,0,314,338,?
c362c701-cbea-4a8c-8ee3-a8ac6f23f1b6,560,2023-05-09T06:38:12.611556+01:00,barcode08,rabv_ea,11923,2733,3149,373,393,RABV_EA
10988c65-acbb-4f39-8ace-911e5b433c2a,417,2023-05-09T06:37:18.611556+01:00,barcode08,*,0,0,0,0,0,*
deab144a-dd06-49eb-b346-6bff0426cbbd,524,2023-05-09T06:37:17.611556+01:00,barcode08,rabv_ea,11923,9851,10254,366,388,RABV_EA
e083f545-1648-43be-ad94-ddaefb63180a,461,2023-05-09T06:37:16.611556+01:00,barcode08,rabv_ea,11923,3383,3778,361,387,RABV_EA
c0572f5a-bfed-439a-9e37-1adb881e9538,543,2023-05-09T06:37:56.611556+01:00,barcode08,rabv_ea,11923,10164,10570,370,399,RABV_EA
d2fa427c-dc16-4afc-ad42-d1fae06ef601,1694,2023-05-09T06:36:57.611556+01:00,barcode08,?,11923,0,0,383,408,?
cb1d8d0f-6396-4d77-91c5-eafea40b1b10,559,2023-05-09T06:38:04.611556+01:00,barcode08,rabv_ea,11923,8927,9325,364,381,RABV_EA
e444d4cf-5a00-4500-813b-55c05c7c7dd7,662,2023-05-09T06:37:22.611556+01:00,barcode08,rabv_ea,11923,9539,9940,376,387,RABV_EA
553cc8b4-d8bc-4bcd-87dc-f0108a698813,262,2023-05-09T06:38:08.611556+01:00,barcode08,*,0,0,0,0,0,*
6ab9c0bf-ad95-4803-8181-392b8a73d2f0,229,2023-05-09T06:37:17.611556+01:00,barcode08,*,0,0,0,0,0,*
ec3750d7-3655-4f74-93f9-967e53aae5b0,949,2023-05-09T06:38:03.611556+01:00,barcode08,?,11923,0,0,374,400,?
1c428a0f-88b9-429c-b892-c9d05ae592c5,478,2023-05-09T06:38:04.611556+01:00,barcode08,rabv_ea,11923,4626,5036,357,395,RABV_EA
dd1e0aa3-b001-4664-afd6-bf2f341a041c,518,2023-05-09T06:38:07.611556+01:00,barcode08,rabv_ea,11923,11109,11494,355,368,RABV_EA
ed1ae00a-7036-4370-b59b-e1403a49536b,298,2023-05-09T06:37:22.611556+01:00,barcode08,rabv_ea,11923,9851,10067,197,207,RABV_EA
9f7d09e0-ba1e-4f29-bb72-59256355ca9c,518,2023-05-09T06:37:25.611556+01:00,barcode08,rabv_ea,11923,10164,10572,334,373,RABV_EA
e4d33fb0-457a-4ae8-bbf9-8065cb1085e5,2075,2023-05-09T06:37:21.611556+01:00,barcode08,?,11923,0,0,379,386,?
1f3f7c21-5de4-4673-96a2-b8fca2d106c7,514,2023-05-09T06:38:00.611556+01:00,barcode08,rabv_ea,11923,10164,10570,347,371,RABV_EA
b2905525-a70c-4a40-ae15-760b6c8ca50c,485,2023-05-09T06:37:33.611556+01:00,barcode08,rabv_ea,11923,4626,5037,379,402,RABV_EA
64b3efb6-0837-402b-a698-6b42d5f69b9c,534,2023-05-09T06:38:00.611556+01:00,barcode08,rabv_ea,11923,9851,10258,388,400,RABV_EA
fa744ffa-b76c-4300-9e27-c70de3e8c9f4,264,2023-05-09T06:38:02.611556+01:00,barcode08,rabv_ea,11923,10072,10263,179,186,RABV_EA
dcf35bbf-b46c-4edb-90e1-4720de9733f2,848,2023-05-09T06:37:23.611556+01:00,barcode08,?,11923,0,0,360,386,?
30a2b805-3f8b-4fda-afe4-4531a25be958,455,2023-05-09T06:38:06.611556+01:00,barcode08,rabv_ea,11923,8942,9325,343,360,RABV_EA
5c49df21-2dfb-4c5f-a21b-c68889012934,930,2023-05-09T06:37:31.611556+01:00,barcode08,?,11923,0,0,359,378,?
5bd2e5eb-b08b-4a31-a174-9750f6195cbe,791,2023-05-09T06:38:29.611556+01:00,barcode08,?,11923,0,0,352,381,?
7b76215b-3fc2-4051-b033-68d629544ffa,891,2023-05-09T06:38:08.611556+01:00,barcode08,?,11923,0,0,379,392,?
2be82c5b-57c3-4334-ac4e-7706427ce89a,461,2023-05-09T06:38:07.611556+01:00,barcode08,rabv_ea,11923,319,696,351,369,RABV_EA
bdbaaf61-ff57-43c2-8073-d569bed691a1,521,2023-05-09T06:38:23.611556+01:00,barcode08,rabv_ea,11923,4626,5051,373,403,RABV_EA
0a617525-b234-411c-a210-295f2d61ed4d,957,2023-05-09T06:37:41.611556+01:00,barcode08,?,11923,0,0,375,401,?
fd1e6166-f02d-4cf8-b57d-a82f7bb0bfc3,925,2023-05-09T06:37:42.611556+01:00,barcode08,?,11923,0,0,342,368,?
37749a69-425f-4d2a-ac8a-ee724ec0080c,473,2023-05-09T06:38:27.611556+01:00,barcode08,rabv_ea,11923,11407,11798,362,388,RABV_EA
4112977b-9efa-4206-8bc6-986ffeb8cca4,449,2023-05-09T06:38:27.611556+01:00,barcode08,rabv_ea,11923,961,1324,328,351,RABV_EA
6ec2f281-4855-47de-9940-a63db98f1bde,488,2023-05-09T06:37:31.611556+01:00,barcode08,rabv_ea,11923,10170,10563,366,389,RABV_EA
3b5c9ece-07fe-43e6-aea3-3ab13ac253c8,1145,2023-05-09T06:38:06.611556+01:00,barcode08,?,11923,0,0,370,392,?
13d2e075-a9a1-4aba-a9a8-ce4d28923752,182,2023-05-09T06:37:29.611556+01:00,barcode08,*,0,0,0,0,0,*
42e79fd5-5761-454e-9a36-ffe371327eae,517,2023-05-09T06:37:27.611556+01:00,barcode08,rabv_ea,11923,10168,10576,359,390,RABV_EA
1ff4184c-0023-4330-b724-6936d0d7e9ab,443,2023-05-09T06:38:26.611556+01:00,barcode08,rabv_ea,11923,11413,11792,329,351,RABV_EA
73f9d69c-547a-4108-a99e-273186171a2d,551,2023-05-09T06:37:46.611556+01:00,barcode08,rabv_ea,11923,10164,10580,381,410,RABV_EA
77f652fe-4fe7-4c10-9488-5d1371cf0ae2,862,2023-05-09T06:37:46.611556+01:00,barcode08,?,11923,0,0,377,388,?
83887ba3-9226-4755-a6c3-401ef0fec4ee,547,2023-05-09T06:38:20.611556+01:00,barcode08,rabv_ea,11923,10164,10576,365,395,RABV_EA
dc112eb3-7373-4f25-aad0-5bd9bb33f572,536,2023-05-09T06:37:51.611556+01:00,barcode08,rabv_ea,11923,10165,10572,379,400,RABV_EA
5935fee4-afa9-4bb3-9cd3-faafb7fd6ab4,296,2023-05-09T06:38:35.611556+01:00,barcode08,rabv_ea,11923,6424,6622,189,195,RABV_EA
d0a707e9-1721-4dfe-b6e7-7424f6db9286,533,2023-05-09T06:38:43.611556+01:00,barcode08,rabv_ea,11923,10166,10576,370,395,RABV_EA
8775fcb6-bba2-4ba2-b82f-3f49c549bdd2,278,2023-05-09T06:38:44.611556+01:00,barcode08,rabv_ea,11923,3064,3252,180,187,RABV_EA
8b133107-b818-47fa-b660-cd9791353943,462,2023-05-09T06:37:57.611556+01:00,barcode08,rabv_ea,11923,10170,10563,354,382,RABV_EA
421c59dc-c87c-4afe-90c1-52802eb3c442,912,2023-05-09T06:37:29.611556+01:00,barcode08,?,11923,0,0,384,399,?
753f97af-7059-4ec0-9e4d-bd0eb40b03f1,538,2023-05-09T06:38:41.611556+01:00,barcode08,rabv_ea,11923,10164,10576,383,403,RABV_EA
81195add-b964-4adf-baed-de7b764774cf,556,2023-05-09T06:38:24.611556+01:00,barcode08,rabv_ea,11923,4626,5049,383,411,RABV_EA
ab6b36dc-7aa4-4f00-8110-5df718602097,466,2023-05-09T06:38:28.611556+01:00,barcode08,rabv_ea,11923,6436,6827,369,385,RABV_EA
dd50e8b2-4c5f-4193-89da-e1ed58efd224,2092,2023-05-09T06:38:22.611556+01:00,barcode08,?,11923,0,0,358,374,?
cc18d781-5458-451f-bd5b-7516b00575df,453,2023-05-09T06:37:30.611556+01:00,barcode08,rabv_ea,11923,6450,6828,333,355,RABV_EA
ffb682c6-0b88-45d9-b73c-af75d661425a,539,2023-05-09T06:37:45.611556+01:00,barcode08,rabv_ea,11923,10164,10576,376,406,RABV_EA
873a693a-23ae-4933-99bb-b894473b28d0,521,2023-05-09T06:38:02.611556+01:00,barcode08,rabv_ea,11923,8927,9325,371,388,RABV_EA
f0123b06-1fa1-459d-8d93-f5e067dad892,487,2023-05-09T06:37:44.611556+01:00,barcode08,rabv_ea,11923,9891,10263,359,367,RABV_EA
69394d25-82cc-45db-9704-54872b96ffe1,1023,2023-05-09T06:38:43.611556+01:00,barcode08,?,11923,0,0,350,363,?
b6c9363c-70d2-40ba-848d-230b59c92514,538,2023-05-09T06:38:28.611556+01:00,barcode08,rabv_ea,11923,9851,10263,394,404,RABV_EA
dcc33a9a-4cd3-42b3-81b1-aa2c27e99268,541,2023-05-09T06:38:26.611556+01:00,barcode08,rabv_ea,11923,10169,10576,373,392,RABV_EA
69decba2-d843-431d-857a-6950dd14647a,898,2023-05-09T06:37:42.611556+01:00,barcode08,?,11923,0,0,351,370,?
efcbef9a-3745-4559-a132-713b03942428,895,2023-05-09T06:38:22.611556+01:00,barcode08,?,11923,0,0,380,410,?
0f568a11-340b-4b4d-812c-62d714d66447,503,2023-05-09T06:38:23.611556+01:00,barcode08,rabv_ea,11923,6527,6828,274,284,RABV_EA
bc6fb9db-c0c8-4741-bf57-798f7dfc9d9c,535,2023-05-09T06:38:21.611556+01:00,barcode08,rabv_ea,11923,10164,10576,383,405,RABV_EA
28476d79-da7f-4d10-a913-f539e3248447,881,2023-05-09T06:38:20.611556+01:00,barcode08,?,11923,0,0,352,379,?
12c37902-51d8-42a7-b3e8-7696cc6d8249,525,2023-05-09T06:37:52.611556+01:00,barcode08,rabv_ea,11923,9857,10263,367,389,RABV_EA
b9e1b0a2-c40e-4b19-99b5-c29acc7ceafe,632,2023-05-09T06:38:43.611556+01:00,barcode08,?,11923,0,0,352,373,?
640558c5-d367-4564-b0e1-8c3d61316b05,444,2023-05-09T06:37:39.611556+01:00,barcode08,rabv_ea,11923,10349,10576,205,222,RABV_EA
1289750d-b008-4853-b5ca-e76cb1e55e77,465,2023-05-09T06:38:38.611556+01:00,barcode08,rabv_ea,11923,11096,11453,316,342,RABV_EA
6d39f589-d885-4349-bc4b-0bc453d94c88,461,2023-05-09T06:38:42.611556+01:00,barcode08,rabv_ea,11923,5196,5596,373,388,RABV_EA
208c5a0e-d4ba-42ad-8a35-2a142d4834d8,476,2023-05-09T06:38:40.611556+01:00,barcode08,rabv_ea,11923,10200,10570,325,360,RABV_EA
e1f284c5-26e6-4670-b708-8e714b197eda,1305,2023-05-09T06:37:44.611556+01:00,barcode08,?,11923,0,0,366,387,?
604946de-8ed6-46bc-abeb-5dae790c346b,530,2023-05-09T06:38:36.611556+01:00,barcode08,rabv_ea,11923,9851,10251,348,374,RABV_EA
41b69319-7d21-457a-9522-2227d0e61fbb,495,2023-05-09T06:38:36.611556+01:00,barcode08,rabv_ea,11923,10170,10568,349,374,RABV_EA
2960724f-c894-4f38-9e18-7ca221604517,298,2023-05-09T06:37:51.611556+01:00,barcode08,rabv_ea,11923,3064,3242,169,178,RABV_EA
b64b8b10-a5dc-463b-aa90-dff04d562c1b,281,2023-05-09T06:38:45.611556+01:00,barcode08,*,0,0,0,0,0,*
ab2d8f17-7f7b-4f53-bf87-20c23c7c056b,427,2023-05-09T06:37:40.611556+01:00,barcode08,rabv_ea,11923,6423,6702,263,274,RABV_EA
ca5ff030-20c9-4862-95c7-40681c3b6d57,451,2023-05-09T06:38:36.611556+01:00,barcode08,rabv_ea,11923,1864,2249,353,371,RABV_EA
8e81a873-c90c-4fe7-9044-b23040eab968,488,2023-05-09T06:38:48.611556+01:00,barcode08,rabv_ea,11923,4626,5036,368,397,RABV_EA
a21653ae-36f2-4512-81ef-2b563ad8aa91,533,2023-05-09T06:38:35.611556+01:00,barcode08,rabv_ea,11923,11391,11795,385,397,RABV_EA
19713b4c-a6a6-4561-81c9-80deb31b2f3e,535,2023-05-09T06:38:13.611556+01:00,barcode08,rabv_ea,11923,10164,10576,376,403,RABV_EA
aa4bf9ad-a31b-40c8-aa2f-0ded4fabe521,250,2023-05-09T06:38:11.611556+01:00,barcode08,*,0,0,0,0,0,*
770b4faa-be14-484d-88a0-59ab68e7ded6,1416,2023-05-09T06:38:35.611556+01:00,barcode08,?,11923,0,0,358,378,?
976d47ae-8474-449b-884c-fbbb4d49bd9c,534,2023-05-09T06:37:37.611556+01:00,barcode08,rabv_ea,11923,10164,10576,367,401,RABV_EA
fdcf22e6-c64a-4ace-b154-a4f3be3d1757,295,2023-05-09T06:39:08.611556+01:00,barcode08,rabv_ea,11923,5085,5279,165,187,RABV_EA
e61a45ac-8c31-491a-a5ba-7898c51b45cf,874,2023-05-09T06:37:36.611556+01:00,barcode08,?,11923,0,0,387,401,?
adcdc89f-697b-4db1-9cfa-a6e4b19d0917,493,2023-05-09T06:37:58.611556+01:00,barcode08,rabv_ea,11923,4626,5038,352,386,RABV_EA
110853aa-a59d-4f6f-a003-f4fc0534de89,674,2023-05-09T06:38:38.611556+01:00,barcode08,?,11923,0,0,344,371,?
55a8974f-1092-42ed-b099-c6ea58019046,462,2023-05-09T06:38:36.611556+01:00,barcode08,rabv_ea,11923,11096,11472,340,366,RABV_EA
b7b6b24c-0cda-4656-bee6-3d14230b513f,854,2023-05-09T06:39:07.611556+01:00,barcode08,?,11923,0,0,377,395,?
879fcf71-40be-47e6-a306-2703e159a701,456,2023-05-09T06:38:48.611556+01:00,barcode08,rabv_ea,11923,9851,10248,348,377,RABV_EA
13a05a48-a7aa-4640-889f-abecbcb7af99,532,2023-05-09T06:38:20.611556+01:00,barcode08,rabv_ea,11923,3383,3791,381,397,RABV_EA
4399e878-0c1d-4b0f-9c92-e1056bd3685f,904,2023-05-09T06:37:48.611556+01:00,barcode08,rabv_ea,11923,2736,3128,341,368,RABV_EA
d25429b0-6932-459f-bd38-1c704aa4365e,531,2023-05-09T06:37:48.611556+01:00,barcode08,rabv_ea,11923,9851,10263,376,401,RABV_EA
d0653199-4709-4460-9384-97871a34442e,455,2023-05-09T06:39:07.611556+01:00,barcode08,rabv_ea,11923,8941,9325,332,368,RABV_EA
aae315f5-0552-4d33-840a-0543a646b7a1,845,2023-05-09T06:39:06.611556+01:00,barcode08,?,11923,0,0,379,397,?
36d92880-4dd5-4c6c-9649-5ea41a7157b4,449,2023-05-09T06:39:06.611556+01:00,barcode08,rabv_ea,11923,1565,1958,348,370,RABV_EA
d7a0a2e7-98c5-4c9e-91c4-e06e451b99dc,474,2023-05-09T06:39:09.611556+01:00,barcode08,rabv_ea,11923,4626,5036,360,397,RABV_EA
496a600d-c718-43e4-89ca-0ee596ec529f,467,2023-05-09T06:39:07.611556+01:00,barcode08,rabv_ea,11923,11446,11793,309,335,RABV_EA
43bfaabc-d8c8-4c67-8d4a-ed6e1c146ba1,474,2023-05-09T06:38:49.611556+01:00,barcode08,rabv_ea,11923,4626,5036,376,399,RABV_EA
74317fba-a812-42a2-b06a-071269ed2eb5,538,2023-05-09T06:38:11.611556+01:00,barcode08,rabv_ea,11923,4626,5064,378,419,RABV_EA
71d454b1-3f68-47ee-a12a-c44e597f2fc8,476,2023-05-09T06:38:13.611556+01:00,barcode08,rabv_ea,11923,10164,10562,360,392,RABV_EA
d3c22bf2-c20c-42ff-8ae4-c11151269113,462,2023-05-09T06:38:10.611556+01:00,barcode08,rabv_ea,11923,11109,11483,333,352,RABV_EA
976596a6-0d15-458f-bb3a-cae2bc56aaa1,1313,2023-05-09T06:38:07.611556+01:00,barcode08,?,11923,0,0,373,386,?
fb6ac0d4-8cf2-4309-8ced-a14fc909ea47,868,2023-05-09T06:37:50.611556+01:00,barcode08,?,11923,0,0,350,371,?
002be906-9736-4a99-ada8-197dc6542429,464,2023-05-09T06:37:52.611556+01:00,barcode08,rabv_ea,11923,3399,3791,375,385,RABV_EA
0f86e844-e577-4e22-aee7-ee7d35fe887a,270,2023-05-09T06:37:48.611556+01:00,barcode08,*,0,0,0,0,0,*
c19445e4-a195-45fa-abea-3bbd3ada55ff,214,2023-05-09T06:37:54.611556+01:00,barcode08,*,0,0,0,0,0,*
b704f35b-7990-4b12-ad89-3e07aaeef200,915,2023-05-09T06:38:23.611556+01:00,barcode08,?,11923,0,0,361,391,?
cba6e9e1-3a5a-4244-877d-e3465b093b47,1145,2023-05-09T06:38:20.611556+01:00,barcode08,?,11923,0,0,379,387,?
22bba129-5dcb-4513-a098-e0105fff887f,533,2023-05-09T06:39:14.611556+01:00,barcode08,rabv_ea,11923,4626,5051,375,412,RABV_EA
f5974636-21c7-442f-8e64-5a19fddf0642,880,2023-05-09T06:39:08.611556+01:00,barcode08,?,11923,0,0,366,383,?
1ecf7fce-8193-4103-b51b-adb6ad8fcbf2,324,2023-05-09T06:37:52.611556+01:00,barcode08,*,0,0,0,0,0,*
1847ed5a-e3a7-469e-8d44-a52fbd7f9961,524,2023-05-09T06:37:49.611556+01:00,barcode08,rabv_ea,11923,10168,10576,362,387,RABV_EA
572c2df1-6c8e-4eda-8a22-6a775a05aba3,459,2023-05-09T06:39:13.611556+01:00,barcode08,rabv_ea,11923,11110,11494,365,381,RABV_EA
e28a2770-c22d-4023-9d04-65026932f4a3,465,2023-05-09T06:39:11.611556+01:00,barcode08,rabv_ea,11923,3062,3456,362,384,RABV_EA
967c2e38-734a-48d6-a5f7-640f2e4af6e3,397,2023-05-09T06:38:05.611556+01:00,barcode08,rabv_ea,11923,6509,6828,304,312,RABV_EA
5c9b5731-7643-4f2f-94cb-81e53aed52ca,510,2023-05-09T06:38:21.611556+01:00,barcode08,rabv_ea,11923,9851,10260,370,391,RABV_EA
2ea20115-e980-41bd-a7f8-0a80ad698b21,449,2023-05-09T06:38:23.611556+01:00,barcode08,rabv_ea,11923,11111,11494,342,371,RABV_EA
79c350ff-4048-4a32-ba5e-b15566e8204c,463,2023-05-09T06:39:07.611556+01:00,barcode08,rabv_ea,11923,11405,11796,361,382,RABV_EA
58bd7703-a97e-477e-af9e-0d3bc94b5c39,533,2023-05-09T06:39:10.611556+01:00,barcode08,rabv_ea,11923,10164,10576,371,401,RABV_EA
fc2029ab-f32e-49fd-afc0-a219de7de4ca,537,2023-05-09T06:38:34.611556+01:00,barcode08,rabv_ea,11923,10164,10570,360,393,RABV_EA
ac386787-d8f8-42d9-9266-c615f6ba32af,485,2023-05-09T06:38:33.611556+01:00,barcode08,rabv_ea,11923,9851,10258,377,398,RABV_EA
71dc23b1-7dd1-4474-9c18-da3c7e0dee80,536,2023-05-09T06:39:08.611556+01:00,barcode08,rabv_ea,11923,10164,10576,373,403,RABV_EA
3d4eb332-da3c-4b92-942d-17c5432c2a22,466,2023-05-09T06:38:20.611556+01:00,barcode08,rabv_ea,11923,319,663,308,333,RABV_EA
203986ec-d41b-4fe3-8636-2549178d2b40,518,2023-05-09T06:39:07.611556+01:00,barcode08,rabv_ea,11923,9851,10265,359,395,RABV_EA
9f893a96-d540-4aad-8546-1ff1837e8a35,759,2023-05-09T06:38:21.611556+01:00,barcode08,?,11923,0,0,341,361,?
32c7c51d-7423-434c-82c8-1c001a6cfaf7,457,2023-05-09T06:38:09.611556+01:00,barcode08,rabv_ea,11923,319,696,351,368,RABV_EA
4d5fdd75-e0c9-493b-abec-990779e086fe,1642,2023-05-09T06:39:04.611556+01:00,barcode08,?,11923,0,0,351,362,?
e4a2e4ca-e4eb-47fa-938e-fe87b50a9baf,1529,2023-05-09T06:39:09.611556+01:00,barcode08,?,11923,0,0,401,411,?
335fb30f-af73-4d3b-8c76-38ef34f649c2,1221,2023-05-09T06:39:04.611556+01:00,barcode08,?,11923,0,0,377,392,?
241a0da2-8073-4c60-afe7-59298325dcfb,875,2023-05-09T06:38:17.611556+01:00,barcode08,?,11923,0,0,361,374,?
894fd81f-fa0d-46b2-9f89-7a9533a0b513,462,2023-05-09T06:39:15.611556+01:00,barcode08,rabv_ea,11923,2734,3116,356,369,RABV_EA
0b4ad52f-b30f-4ce7-9edb-cf483789b8d0,462,2023-05-09T06:38:22.611556+01:00,barcode08,rabv_ea,11923,3399,3791,358,385,RABV_EA
226c8074-f2ce-4261-85eb-158b8812cc46,1375,2023-05-09T06:38:27.611556+01:00,barcode08,?,11923,0,0,359,378,?
fa3e7c33-99f3-4ddd-be11-db7c4b45355d,925,2023-05-09T06:38:30.611556+01:00,barcode08,?,11923,0,0,389,399,?
dfe9e232-31fd-4ae7-80d7-96defe381f9e,407,2023-05-09T06:39:13.611556+01:00,barcode08,rabv_ea,11923,943,1252,285,300,RABV_EA
e0fdf793-6438-4362-b159-a864c854ef7d,523,2023-05-09T06:39:10.611556+01:00,barcode08,rabv_ea,11923,10164,10556,346,369,RABV_EA
70549bae-6a1a-487c-88df-51debdcf6f76,538,2023-05-09T06:38:17.611556+01:00,barcode08,rabv_ea,11923,10164,10575,377,406,RABV_EA
549a02fc-d98b-4b0f-87cc-105480799e7f,526,2023-05-09T06:38:20.611556+01:00,barcode08,rabv_ea,11923,57,459,361,386,RABV_EA
1cec7eaf-bbf3-4e8c-a367-fd085a24e728,539,2023-05-09T06:39:08.611556+01:00,barcode08,rabv_ea,11923,4626,5045,385,411,RABV_EA
14b1b50a-58cb-40ee-a3d4-3152b56ec181,1236,2023-05-09T06:38:13.611556+01:00,barcode08,?,11923,0,0,397,415,?
11b5c1f0-f864-43cc-b52e-6f1ecee2dc21,560,2023-05-09T06:39:14.611556+01:00,barcode08,rabv_ea,11923,10164,10576,376,404,RABV_EA
a746ecd7-5516-45b4-b023-e010d0b6165f,536,2023-05-09T06:38:26.611556+01:00,barcode08,rabv_ea,11923,10173,10576,368,393,RABV_EA
c8111fd8-caf1-4905-a5f9-0dec9a151803,931,2023-05-09T06:39:11.611556+01:00,barcode08,?,11923,0,0,337,353,?
0b4224b8-63ea-4bc5-ac0f-10353b1c2ac5,287,2023-05-09T06:38:31.611556+01:00,barcode08,rabv_ea,11923,8929,9149,206,214,RABV_EA
798b4f5f-8360-42fe-9c9c-3203c1ca3faa,869,2023-05-09T06:38:15.611556+01:00,barcode08,?,11923,0,0,390,402,?
16a4c49d-55a2-4a29-8996-e7cfc80f4789,250,2023-05-09T06:38:32.611556+01:00,barcode08,rabv_ea,11923,3062,3234,156,168,RABV_EA
0fa2ad0a-2559-484b-93ef-4037e661f5d7,462,2023-05-09T06:39:13.611556+01:00,barcode08,rabv_ea,11923,10164,10562,344,379,RABV_EA
85c73252-a9d6-4ab9-8a2f-11583774c402,959,2023-05-09T06:38:15.611556+01:00,barcode08,?,11923,0,0,358,372,?
8cb0421f-1729-4602-803a-d3fc213038f1,461,2023-05-09T06:39:11.611556+01:00,barcode08,rabv_ea,11923,10180,10575,347,374,RABV_EA
d9153202-e53e-467b-9663-2b307b4fe922,518,2023-05-09T06:38:17.611556+01:00,barcode08,rabv_ea,11923,10168,10576,346,378,RABV_EA
49cebe6d-8473-472c-920a-3f5446a730c0,488,2023-05-09T06:38:30.611556+01:00,barcode08,rabv_ea,11923,10168,10576,356,391,RABV_EA
27253c7b-1081-4c54-a4fd-d571213d3c9c,434,2023-05-09T06:38:17.611556+01:00,barcode08,rabv_ea,11923,319,694,321,352,RABV_EA
c77d0ffc-57a0-458f-bdfd-74cfcd242b5e,451,2023-05-09T06:39:18.611556+01:00,barcode08,rabv_ea,11923,2735,3135,344,366,RABV_EA
809d00d6-eaea-4105-9c5a-da07a24267c5,945,2023-05-09T06:39:33.611556+01:00,barcode08,?,11923,0,0,365,383,?
1b1ffc39-ba0a-44a6-ba67-4f5c47dac8da,475,2023-05-09T06:39:35.611556+01:00,barcode08,rabv_ea,11923,10164,10558,366,387,RABV_EA
eb3647c7-3924-45ae-a52a-34ee7f9f95cb,819,2023-05-09T06:39:34.611556+01:00,barcode08,?,11923,0,0,358,384,?
d6baa8bf-cb26-4171-aa58-116670e8ce88,532,2023-05-09T06:38:44.611556+01:00,barcode08,rabv_ea,11923,10164,10576,378,402,RABV_EA
4081cc89-d276-4baf-839c-b68c318b2ff8,457,2023-05-09T06:38:44.611556+01:00,barcode08,rabv_ea,11923,6424,6821,370,382,RABV_EA
4c3c75db-9695-4429-a8a2-eb8ab2a83048,409,2023-05-09T06:38:30.611556+01:00,barcode08,rabv_ea,11923,6489,6828,309,321,RABV_EA
03cdcdb7-41f0-42a4-b362-4de0296f7236,521,2023-05-09T06:39:15.611556+01:00,barcode08,rabv_ea,11923,10164,10576,364,393,RABV_EA
8216d353-c8c5-420f-98af-fea69b7e3b99,1249,2023-05-09T06:38:13.611556+01:00,barcode08,?,11923,0,0,364,379,?
cb47b41b-aeed-4f00-952c-689ecf803d7a,453,2023-05-09T06:39:11.611556+01:00,barcode08,rabv_ea,11923,4894,5278,345,363,RABV_EA
02dbb3e6-cbb3-4e3d-a627-637f76e4bc99,420,2023-05-09T06:39:34.611556+01:00,barcode08,rabv_ea,11923,1879,2248,302,332,RABV_EA
c04ab836-7490-4eb0-80dd-e49b1340f329,440,2023-05-09T06:38:29.611556+01:00,barcode08,rabv_ea,11923,330,704,334,359,RABV_EA
27128209-5a98-4a24-9496-e280ebe9792c,509,2023-05-09T06:39:16.611556+01:00,barcode08,rabv_ea,11923,3390,3787,368,383,RABV_EA
5c87d198-509b-430d-ac19-13fc0ee01ecf,917,2023-05-09T06:39:16.611556+01:00,barcode08,?,11923,0,0,347,359,?
b3f364e8-8ee5-4efe-9e53-ca3f1aa52b0f,2237,2023-05-09T06:38:27.611556+01:00,barcode08,?,11923,0,0,390,408,?
949fdbba-8ea9-4694-8ece-69d73ec5f5b9,243,2023-05-09T06:39:34.611556+01:00,barcode08,*,0,0,0,0,0,*
89590749-ee59-424a-9478-38b1f9e936b8,454,2023-05-09T06:39:19.611556+01:00,barcode08,rabv_ea,11923,10164,10562,361,382,RABV_EA
89a017d9-8d18-4058-87bb-5397378e71cb,529,2023-05-09T06:38:42.611556+01:00,barcode08,rabv_ea,11923,4649,5051,350,383,RABV_EA
2f119435-a7df-47aa-9e13-9938104a4e33,1673,2023-05-09T06:38:40.611556+01:00,barcode08,?,11923,0,0,377,398,?
0ed767b7-2928-461a-a26b-b92f165fbf16,470,2023-05-09T06:39:16.611556+01:00,barcode08,rabv_ea,11923,9854,10248,352,381,RABV_EA
48f5b3de-97ab-4289-809b-f30a7b8fed9c,525,2023-05-09T06:38:50.611556+01:00,barcode08,rabv_ea,11923,3383,3793,373,397,RABV_EA
a4bc2345-fac9-47f0-a8ad-ddd1f077bbf0,474,2023-05-09T06:38:50.611556+01:00,barcode08,rabv_ea,11923,10166,10561,345,383,RABV_EA
9b9b64f7-4e5f-4c3d-bbd1-475c82b926a8,487,2023-05-09T06:39:19.611556+01:00,barcode08,rabv_ea,11923,11114,11489,351,369,RABV_EA
86786b32-83a8-4d6f-b3c0-f742662907a1,910,2023-05-09T06:39:14.611556+01:00,barcode08,?,11923,0,0,365,378,?
4f987ace-32c0-47e8-96de-1ce4077cf5cc,554,2023-05-09T06:38:27.611556+01:00,barcode08,rabv_ea,11923,4072,4422,314,338,RABV_EA
0653e112-81fc-47b2-a64e-3d1b8f3f50cc,775,2023-05-09T06:38:30.611556+01:00,barcode08,?,11923,0,0,371,387,?
9b5e3739-38f2-4322-ab6c-eeadca4ef90a,691,2023-05-09T06:39:18.611556+01:00,barcode08,?,11923,0,0,218,235,?
5f3e257d-53fe-4511-93ba-b45585315413,277,2023-05-09T06:39:39.611556+01:00,barcode08,rabv_ea,11923,3063,3249,161,181,RABV_EA
ddf9d7f3-870b-41ba-8d85-eb30f03d77b4,260,2023-05-09T06:39:38.611556+01:00,barcode08,*,0,0,0,0,0,*
e56ba190-aa12-407a-88ea-ed4c91bf4036,428,2023-05-09T06:38:47.611556+01:00,barcode08,rabv_ea,11923,2462,2846,344,358,RABV_EA
59bc5152-099b-4b70-beb7-bb5a805515b3,856,2023-05-09T06:38:25.611556+01:00,barcode08,rabv_ea,11923,328,710,340,363,RABV_EA
6bcf4d90-a89d-4e96-ae82-5b81d7c091d2,498,2023-05-09T06:39:16.611556+01:00,barcode08,rabv_ea,11923,6433,6829,343,362,RABV_EA
1cd89ff4-4f6c-4e3e-914b-e268718b2474,454,2023-05-09T06:38:50.611556+01:00,barcode08,rabv_ea,11923,319,695,333,363,RABV_EA
87cf13e0-18c7-41f7-a566-88728ed29315,579,2023-05-09T06:38:54.611556+01:00,barcode08,rabv_ea,11923,3442,3793,288,314,RABV_EA
d0c20231-3c89-4309-b8d2-028708c28a4d,529,2023-05-09T06:39:38.611556+01:00,barcode08,rabv_ea,11923,10164,10570,366,393,RABV_EA
cedf4d0c-8b8d-42d0-94d2-6219a18e5268,1762,2023-05-09T06:39:15.611556+01:00,barcode08,?,11923,0,0,378,398,?
95a8edf2-7961-4814-8299-b0545ac6c6a5,450,2023-05-09T06:39:38.611556+01:00,barcode08,rabv_ea,11923,11111,11494,359,373,RABV_EA
c0041b96-8fa3-4a97-b04b-5ef3fcd993cc,865,2023-05-09T06:39:39.611556+01:00,barcode08,rabv_ea,11923,319,719,343,379,RABV_EA
def8f364-90d1-4b13-8e36-70d3ee2ae828,539,2023-05-09T06:39:21.611556+01:00,barcode08,rabv_ea,11923,9851,10263,397,408,RABV_EA
2f553146-8344-4754-a347-5f1a5a3687eb,530,2023-05-09T06:38:51.611556+01:00,barcode08,rabv_ea,11923,9854,10263,362,396,RABV_EA
8d6225d8-c9e0-4c77-b193-7e1c9ef8d4a2,474,2023-05-09T06:38:54.611556+01:00,barcode08,rabv_ea,11923,3062,3456,368,386,RABV_EA
546f064f-53bf-4983-b24d-149773f2b8f2,465,2023-05-09T06:39:39.611556+01:00,barcode08,rabv_ea,11923,11407,11796,371,384,RABV_EA
9e3badaf-0d06-4295-b623-810610fa8ad2,532,2023-05-09T06:38:53.611556+01:00,barcode08,rabv_ea,11923,9851,10263,371,393,RABV_EA
5f655854-d9ab-4d3b-bd39-2beedb65c042,545,2023-05-09T06:39:24.611556+01:00,barcode08,rabv_ea,11923,10164,10576,380,405,RABV_EA
b012d08e-33e1-4a88-86fe-66eba960bc40,645,2023-05-09T06:39:39.611556+01:00,barcode08,?,11923,0,0,248,262,?
254c0aea-3d12-4c6f-bb6d-00463fca1b32,513,2023-05-09T06:39:37.611556+01:00,barcode08,rabv_ea,11923,9862,10259,373,380,RABV_EA
e90f4180-feba-44f6-adde-18a30eb9bc6f,456,2023-05-09T06:39:22.611556+01:00,barcode08,rabv_ea,11923,10179,10571,355,374,RABV_EA
eba95f68-fab4-4fe8-b874-18824e87cd3b,905,2023-05-09T06:38:49.611556+01:00,barcode08,?,11923,0,0,367,391,?
15542634-04e8-4ac6-a67f-10a48ab389a3,923,2023-05-09T06:39:38.611556+01:00,barcode08,?,11923,0,0,366,392,?
69e44c63-4a47-4513-b4db-e3f82f2f3bf1,1282,2023-05-09T06:38:48.611556+01:00,barcode08,?,11923,0,0,348,365,?
77bc8844-b873-4e4a-b73f-2c8fb7c23cfc,534,2023-05-09T06:39:40.611556+01:00,barcode08,rabv_ea,11923,10165,10576,367,395,RABV_EA
6981cbcf-e21e-4076-b816-d1ad049c479b,527,2023-05-09T06:38:39.611556+01:00,barcode08,rabv_ea,11923,10169,10576,361,389,RABV_EA
bd3cab86-df6b-4aee-92ba-981f52cd5af5,611,2023-05-09T06:39:23.611556+01:00,barcode08,rabv_ea,11923,6133,6477,323,338,RABV_EA
5a82e700-a249-49bc-9b97-b96c8989cd25,834,2023-05-09T06:38:36.611556+01:00,barcode08,?,11923,0,0,373,409,?
28ed1f31-b204-4e67-93e8-05e4e57683b5,533,2023-05-09T06:39:24.611556+01:00,barcode08,rabv_ea,11923,10172,10570,351,386,RABV_EA
2bddb808-f85d-4c24-8f8a-badd74716f58,535,2023-05-09T06:39:56.611556+01:00,barcode08,rabv_ea,11923,10164,10576,376,402,RABV_EA
4c4c8698-15a7-4957-aae2-bbf30c83cd49,875,2023-05-09T06:38:36.611556+01:00,barcode08,?,11923,0,0,318,342,?
344ac75e-287b-4814-87b2-34af94e179fa,453,2023-05-09T06:38:55.611556+01:00,barcode08,rabv_ea,11923,11111,11488,340,367,RABV_EA
aea67ee5-6a23-437e-8212-0fd5efb31201,409,2023-05-09T06:38:46.611556+01:00,barcode08,rabv_ea,11923,6506,6828,304,318,RABV_EA
1607fe12-abac-4510-a055-63dc44f4f8e3,2940,2023-05-09T06:39:14.611556+01:00,barcode08,?,11923,0,0,381,391,?
6948f128-b785-4d97-8a01-704e9a3a5f61,931,2023-05-09T06:38:54.611556+01:00,barcode08,?,11923,0,0,359,380,?
e5b76188-c537-4fbf-83e0-21233000ca69,465,2023-05-09T06:39:52.611556+01:00,barcode08,rabv_ea,11923,10164,10562,343,375,RABV_EA
efdfdebe-b8da-410c-8f80-6e7c69e8ed09,874,2023-05-09T06:39:55.611556+01:00,barcode08,?,11923,0,0,382,399,?
c1c71ff1-8c04-4841-aaa2-75e9ed4befa0,519,2023-05-09T06:39:52.611556+01:00,barcode08,rabv_ea,11923,10164,10576,365,397,RABV_EA
b685af50-4432-4774-9e28-c31d11e338d9,478,2023-05-09T06:39:21.611556+01:00,barcode08,rabv_ea,11923,10164,10562,358,389,RABV_EA
683e5514-d239-46ac-8806-1d8e5eeac017,1292,2023-05-09T06:38:52.611556+01:00,barcode08,?,11923,0,0,363,389,?
4825ca04-7dbb-4f7c-b669-0006b47f39c0,907,2023-05-09T06:39:55.611556+01:00,barcode08,?,11923,0,0,392,415,?
c58bcbfb-2816-482a-9e4c-9ad1cf64251a,514,2023-05-09T06:39:23.611556+01:00,barcode08,rabv_ea,11923,10164,10576,362,393,RABV_EA
dec8c6be-ffe8-48be-8ac7-8cb5feb75b16,1005,2023-05-09T06:39:20.611556+01:00,barcode08,?,11923,0,0,385,400,?
efaef757-de52-45a1-a392-a2025c8a0824,590,2023-05-09T06:38:55.611556+01:00,barcode08,rabv_ea,11923,11395,11777,343,368,RABV_EA
646fcb4b-20c1-436c-9481-d8599f71a206,529,2023-05-09T06:38:59.611556+01:00,barcode08,rabv_ea,11923,10164,10573,374,398,RABV_EA
139568f8-6de6-4bf7-8948-a1b813fe8444,531,2023-05-09T06:38:57.611556+01:00,barcode08,rabv_ea,11923,10170,10576,355,392,RABV_EA
70b1b78e-d72e-4e76-85ec-72787c7a5a74,520,2023-05-09T06:38:47.611556+01:00,barcode08,rabv_ea,11923,3390,3789,332,365,RABV_EA
368127b1-7d8c-4a8a-925d-3766d80ce074,531,2023-05-09T06:39:18.611556+01:00,barcode08,rabv_ea,11923,10164,10575,374,399,RABV_EA
08c10ec4-ccfa-4ef2-85a8-6e8c6dd68d4a,475,2023-05-09T06:40:06.611556+01:00,barcode08,rabv_ea,11923,4636,5036,363,388,RABV_EA
447d9727-9fbf-4f7f-ab3d-87b2b488c6e2,454,2023-05-09T06:39:55.611556+01:00,barcode08,rabv_ea,11923,11111,11494,358,376,RABV_EA
a6c06bc6-1b72-4f56-bd6d-f7c3de4dd000,453,2023-05-09T06:39:55.611556+01:00,barcode08,rabv_ea,11923,3431,3777,315,327,RABV_EA
765e1378-5cee-4ec7-87eb-7983be91b657,458,2023-05-09T06:39:01.611556+01:00,barcode08,rabv_ea,11923,8941,9325,370,379,RABV_EA
09454395-2ba9-46d5-91d6-afad1aa10d88,559,2023-05-09T06:39:54.611556+01:00,barcode08,rabv_ea,11923,10194,10573,342,372,RABV_EA
b4e80cad-3063-4eb3-97bc-8c86d556469b,856,2023-05-09T06:39:56.611556+01:00,barcode08,?,11923,0,0,338,364,?
dc69620e-2954-4b6a-a8d1-5a993e401849,862,2023-05-09T06:39:59.611556+01:00,barcode08,?,11923,0,0,387,401,?
ebec102c-38f9-40f9-abb5-59f9851d75b7,2110,2023-05-09T06:38:55.611556+01:00,barcode08,?,11923,0,0,381,393,?
06ee1f89-0b53-4da1-931d-3d34fa97fe48,298,2023-05-09T06:39:17.611556+01:00,barcode08,rabv_ea,11923,4282,4422,123,131,RABV_EA
7f82d4b6-db9d-4346-89b8-a6e78df101dd,514,2023-05-09T06:39:34.611556+01:00,barcode08,rabv_ea,11923,10163,10570,351,381,RABV_EA
b00ba3ec-97ca-421b-b8dd-1506072f10a2,443,2023-05-09T06:39:17.611556+01:00,barcode08,rabv_ea,11923,8947,9325,335,361,RABV_EA
a20c1471-24de-411c-b1d4-ff1763d901c0,226,2023-05-09T06:39:03.611556+01:00,barcode08,rabv_ea,11923,8591,8694,99,100,RABV_EA
9e4f6e96-05f1-4559-bf1d-2d5aa0437c56,482,2023-05-09T06:39:41.611556+01:00,barcode08,rabv_ea,11923,4645,5051,381,400,RABV_EA
763e43d2-dae0-4bf1-8775-27461aae962a,473,2023-05-09T06:39:44.611556+01:00,barcode08,rabv_ea,11923,9851,10247,377,389,RABV_EA
8ef774fc-8a33-48e1-9c99-64cceae09fd4,498,2023-05-09T06:39:43.611556+01:00,barcode08,rabv_ea,11923,10164,10576,382,407,RABV_EA
78b3b349-af80-48d4-b486-4b2335439917,465,2023-05-09T06:39:41.611556+01:00,barcode08,rabv_ea,11923,11117,11487,336,361,RABV_EA
85b5cdad-9ce6-4c65-b9ee-a317870acd08,499,2023-05-09T06:39:43.611556+01:00,barcode08,rabv_ea,11923,3387,3791,374,387,RABV_EA
03804a5f-34b7-4149-8ed9-ef20e5d06e25,420,2023-05-09T06:38:58.611556+01:00,barcode08,rabv_ea,11923,8972,9320,317,334,RABV_EA
ae227a35-4dba-4619-bfb0-85de02c1b348,504,2023-05-09T06:39:05.611556+01:00,barcode08,rabv_ea,11923,9851,10263,376,395,RABV_EA
8457be9c-aad7-4314-aa0a-5cb85fa844a8,460,2023-05-09T06:39:58.611556+01:00,barcode08,rabv_ea,11923,3399,3791,349,371,RABV_EA
56cb4b37-a3c6-4054-a4ec-430a7673c477,853,2023-05-09T06:39:15.611556+01:00,barcode08,?,11923,0,0,384,401,?
98dd1293-1942-4f40-8953-feaa1d8be4a2,406,2023-05-09T06:39:01.611556+01:00,barcode08,rabv_ea,11923,6478,6827,312,330,RABV_EA
5ffb295f-08c6-4108-81a5-58ffb20c3c16,518,2023-05-09T06:39:04.611556+01:00,barcode08,rabv_ea,11923,10170,10576,355,381,RABV_EA
aca43db1-284f-4acd-805f-951215f6eec5,602,2023-05-09T06:39:32.611556+01:00,barcode08,rabv_ea,11923,11116,11488,337,361,RABV_EA
799f9185-7a9e-40a7-b13e-accf2b62a61e,502,2023-05-09T06:39:06.611556+01:00,barcode08,rabv_ea,11923,7692,8081,355,369,RABV_EA
dcdcba45-9347-40a4-9fa5-73a9b91ee0ca,877,2023-05-09T06:39:34.611556+01:00,barcode08,?,11923,0,0,336,360,?
58918d34-40f9-499c-b228-0dde6dbf4553,919,2023-05-09T06:39:03.611556+01:00,barcode08,?,11923,0,0,380,397,?
cd265d97-b413-46f3-abfb-812e2e42e035,463,2023-05-09T06:39:58.611556+01:00,barcode08,rabv_ea,11923,5846,6222,354,368,RABV_EA
2f65d974-0912-4fbe-864c-5249f9a195fe,521,2023-05-09T06:39:34.611556+01:00,barcode08,rabv_ea,11923,10164,10573,377,402,RABV_EA
91112204-4c51-413c-acdc-ba503fdabd3c,931,2023-05-09T06:40:00.611556+01:00,barcode08,?,11923,0,0,385,400,?
158921e0-9308-4e91-ad6c-a315d6511245,936,2023-05-09T06:39:04.611556+01:00,barcode08,?,11923,0,0,366,390,?
8bbdda91-a5be-46e9-af28-a47fd2c63dd2,1306,2023-05-09T06:39:18.611556+01:00,barcode08,?,11923,0,0,383,405,?
00ef637a-31b0-487f-86b1-842493ca76f6,1315,2023-05-09T06:39:15.611556+01:00,barcode08,?,11923,0,0,373,390,?
3c77410a-4056-4b43-87af-a008bea82e55,504,2023-05-09T06:39:54.611556+01:00,barcode08,rabv_ea,11923,10164,10576,340,379,RABV_EA
6deafd13-a9f6-4757-916d-dac4338b77a2,1769,2023-05-09T06:39:43.611556+01:00,barcode08,?,11923,0,0,382,413,?
14036e82-e3a6-4682-936a-21b8a274b8ca,1954,2023-05-09T06:39:27.611556+01:00,barcode08,?,11923,0,0,385,399,?
6438f6e7-06fb-4abf-96fe-b8d7aaa4ef36,529,2023-05-09T06:39:55.611556+01:00,barcode08,rabv_ea,11923,10166,10570,352,382,RABV_EA
647b5fd1-9775-44d5-934a-80b36dfb98cd,541,2023-05-09T06:39:52.611556+01:00,barcode08,rabv_ea,11923,10171,10576,358,394,RABV_EA
722fc8c1-3ce8-4540-bbe0-83f0616d303b,482,2023-05-09T06:39:55.611556+01:00,barcode08,rabv_ea,11923,11117,11494,353,370,RABV_EA
c7c77606-abe4-4638-8fc9-7bc3272a1f35,802,2023-05-09T06:39:46.611556+01:00,barcode08,?,11923,0,0,326,336,?
1b6e146e-6573-47b8-98a3-f6db249d0835,512,2023-05-09T06:39:31.611556+01:00,barcode08,rabv_ea,11923,6424,6828,369,387,RABV_EA
a1f2c39a-77d9-41c2-90a7-e28dc4ea3715,871,2023-05-09T06:40:15.611556+01:00,barcode08,?,11923,0,0,377,389,?
eab134c9-3c46-448b-bc68-09e1593da36e,806,2023-05-09T06:40:14.611556+01:00,barcode08,?,11923,0,0,347,367,?
f55de203-6913-427d-8825-44ff0bd368fe,496,2023-05-09T06:39:48.611556+01:00,barcode08,rabv_ea,11923,57,442,354,371,RABV_EA
057ba67b-b21d-4052-9b06-1b88f9e81f45,471,2023-05-09T06:39:24.611556+01:00,barcode08,?,11923,0,0,151,165,?
8e48bee8-ffaf-4c1e-9655-86a255183296,528,2023-05-09T06:39:48.611556+01:00,barcode08,rabv_ea,11923,10164,10576,366,391,RABV_EA
81a5ff4a-b573-4c4c-9cd9-0fe7b2c7b94d,882,2023-05-09T06:39:30.611556+01:00,barcode08,?,11923,0,0,352,373,?
96d5a374-2d63-4f4f-83f4-ca9514f84b28,513,2023-05-09T06:40:14.611556+01:00,barcode08,rabv_ea,11923,9853,10263,373,389,RABV_EA
861ddb48-a4ef-4fcb-8958-299a388c0715,528,2023-05-09T06:39:37.611556+01:00,barcode08,rabv_ea,11923,9851,10266,389,406,RABV_EA
cddea8c1-a4c7-4f90-972e-d8b60afa7057,540,2023-05-09T06:40:12.611556+01:00,barcode08,rabv_ea,11923,10164,10576,381,404,RABV_EA
b190a45c-65bf-47bf-b648-9db8c27a3685,524,2023-05-09T06:39:42.611556+01:00,barcode08,rabv_ea,11923,4626,5051,384,409,RABV_EA
485d907a-efe1-4e7d-93a4-5c6e34bae495,468,2023-05-09T06:39:44.611556+01:00,barcode08,rabv_ea,11923,9851,10249,376,391,RABV_EA
3ae5ab2f-8e28-48fa-bef3-99619116f66a,285,2023-05-09T06:39:46.611556+01:00,barcode08,rabv_ea,11923,5023,5221,171,187,RABV_EA
9cc0267d-51ab-4782-8067-b312f1f0f103,458,2023-05-09T06:39:43.611556+01:00,barcode08,rabv_ea,11923,3064,3451,363,375,RABV_EA
ac93668a-f469-4c9f-a95b-f391de0de0bb,1311,2023-05-09T06:39:36.611556+01:00,barcode08,?,11923,0,0,382,404,?
854432d7-b3a7-44bb-a62d-ff33a3536d2f,1787,2023-05-09T06:40:01.611556+01:00,barcode08,?,11923,0,0,358,376,?
d39ac47e-0c20-43b6-a419-3496b2fa6454,945,2023-05-09T06:40:16.611556+01:00,barcode08,?,11923,0,0,383,407,?
4dd4fe4f-eaea-42d5-afa7-ffcfa151c5b5,443,2023-05-09T06:40:14.611556+01:00,barcode08,rabv_ea,11923,5197,5592,355,374,RABV_EA
6231be0a-5d71-43fb-92de-7a8d93ab2799,532,2023-05-09T06:39:46.611556+01:00,barcode08,rabv_ea,11923,3393,3772,349,362,RABV_EA
5daead05-cf54-4cbe-844a-d5bb2e4f692c,693,2023-05-09T06:40:02.611556+01:00,barcode08,rabv_ea,11923,4626,5053,377,410,RABV_EA
bd40bd4b-2e95-4cb8-85f4-c9fbcd3529fd,457,2023-05-09T06:40:17.611556+01:00,barcode08,rabv_ea,11923,11111,11494,358,377,RABV_EA
c0ce8059-bc73-4c73-8011-8da561fc2a64,788,2023-05-09T06:40:12.611556+01:00,barcode08,rabv_ea,11923,2739,3136,353,373,RABV_EA
1ebd23a7-5592-4956-9b37-4c5a5cd55f6f,549,2023-05-09T06:40:05.611556+01:00,barcode08,rabv_ea,11923,9851,10263,389,404,RABV_EA
1d497f98-bc41-461c-8a14-6c84fda426b6,875,2023-05-09T06:40:07.611556+01:00,barcode08,?,11923,0,0,386,397,?
de2e64b3-c901-4ef6-9b4a-9feb2d5f6a4f,530,2023-05-09T06:39:44.611556+01:00,barcode08,rabv_ea,11923,10165,10578,355,391,RABV_EA
0d083ce1-ec94-4cbc-ba91-7aaa269a7708,460,2023-05-09T06:40:03.611556+01:00,barcode08,rabv_ea,11923,9851,10249,371,386,RABV_EA
dcddf7f5-3c0f-487b-b975-e93f8955ee51,215,2023-05-09T06:39:50.611556+01:00,barcode08,*,0,0,0,0,0,*
8db07ca2-8065-4f9d-b0eb-9a6805ee9946,549,2023-05-09T06:40:17.611556+01:00,barcode08,rabv_ea,11923,10188,10570,338,368,RABV_EA
3e93c28e-cfa4-47bd-b2bc-2bb6128c2359,494,2023-05-09T06:40:48.611556+01:00,barcode08,rabv_ea,11923,11105,11493,369,380,RABV_EA
5649b86f-927f-4d77-97a0-a2008ac9bdc4,460,2023-05-09T06:40:05.611556+01:00,barcode08,rabv_ea,11923,10180,10576,368,391,RABV_EA
ae825948-3f48-42d1-8212-9b6b8d4a73f3,889,2023-05-09T06:40:12.611556+01:00,barcode08,?,11923,0,0,371,388,?
86ef34bd-c90f-4cd2-a468-e9524200189a,544,2023-05-09T06:40:03.611556+01:00,barcode08,rabv_ea,11923,10164,10576,376,400,RABV_EA
1b35cedb-921d-436f-ad24-ec27ce621671,1316,2023-05-09T06:39:58.611556+01:00,barcode08,?,11923,0,0,385,409,?
b721b952-57d3-4dc0-ad76-076e2982c13e,519,2023-05-09T06:40:12.611556+01:00,barcode08,*,0,0,0,0,0,*
159adcb1-d8be-4e97-ba3d-3f981d3139b6,473,2023-05-09T06:39:48.611556+01:00,barcode08,rabv_ea,11923,10164,10564,353,386,RABV_EA
565d9ff4-7688-4698-a81b-39e74c4e7aea,454,2023-05-09T06:40:52.611556+01:00,barcode08,rabv_ea,11923,11110,11494,345,371,RABV_EA
7e0271a0-0d2a-44a8-8814-7bd944f4c5c6,872,2023-05-09T06:40:25.611556+01:00,barcode08,?,11923,0,0,393,415,?
d32445cc-4a2d-4e4f-a104-b5997fcb2d57,378,2023-05-09T06:40:12.611556+01:00,barcode08,rabv_ea,11923,2445,2732,272,282,RABV_EA
53baedf8-727f-4732-aff4-aadd31c05484,448,2023-05-09T06:39:50.611556+01:00,barcode08,rabv_ea,11923,9851,10228,342,355,RABV_EA
7fece7e8-484f-4406-b050-9fc00ded1479,461,2023-05-09T06:40:12.611556+01:00,barcode08,rabv_ea,11923,9851,10243,364,379,RABV_EA
8c616570-9a89-4a02-9f32-0eb9e767b3f2,523,2023-05-09T06:40:07.611556+01:00,barcode08,rabv_ea,11923,10165,10576,363,395,RABV_EA
196f1f8e-2f94-47c4-ac8b-7329b142987b,533,2023-05-09T06:40:01.611556+01:00,barcode08,rabv_ea,11923,56,459,368,391,RABV_EA
f321b0f9-7515-471e-8189-b2822479c798,1269,2023-05-09T06:39:55.611556+01:00,barcode08,?,11923,0,0,357,378,?
52745334-ad7e-41fa-9eac-a855162296f9,1324,2023-05-09T06:40:52.611556+01:00,barcode08,?,11923,0,0,369,396,?
f19dcd26-2e86-4402-b1be-f21d6116088c,531,2023-05-09T06:39:48.611556+01:00,barcode08,rabv_ea,11923,2733,3136,376,395,RABV_EA
a6ddd2cd-5866-4035-8d57-4a836f393c48,459,2023-05-09T06:40:26.611556+01:00,barcode08,rabv_ea,11923,3064,3451,332,373,RABV_EA
bb15efaa-0824-4dfc-a09d-3b3b4b5ddaa9,875,2023-05-09T06:40:00.611556+01:00,barcode08,?,11923,0,0,381,409,?
d8c215f6-b885-4abd-89ab-35f29d49f8a8,1568,2023-05-09T06:40:02.611556+01:00,barcode08,?,11923,0,0,384,392,?
66e7cc69-bdea-4032-9a96-dffec047c283,721,2023-05-09T06:40:58.611556+01:00,barcode08,rabv_ea,11923,319,687,329,347,RABV_EA
e4db1cff-6bf8-454f-a583-fada4ee140f8,1685,2023-05-09T06:39:51.611556+01:00,barcode08,?,11923,0,0,358,378,?
86b12b7b-0273-4c4d-945f-9e9e768e485c,529,2023-05-09T06:40:07.611556+01:00,barcode08,rabv_ea,11923,6424,6828,384,401,RABV_EA
b4ed55aa-9e8b-45d0-a210-ba71275e39c3,463,2023-05-09T06:39:59.611556+01:00,barcode08,rabv_ea,11923,8941,9325,358,375,RABV_EA
11f34de1-07ff-43b5-9a8e-df00cd233118,932,2023-05-09T06:40:24.611556+01:00,barcode08,?,11923,0,0,372,399,?
4dd87ca6-c05e-4147-a379-caf334c04c3d,1276,2023-05-09T06:39:59.611556+01:00,barcode08,?,11923,0,0,372,381,?
e10ea2d3-ce44-4021-93ec-6c3bcd28fb50,1269,2023-05-09T06:39:59.611556+01:00,barcode08,?,11923,0,0,650,674,?
04dd4f5c-9d3b-4579-a6aa-f96d0d596a37,621,2023-05-09T06:41:00.611556+01:00,barcode08,rabv_ea,11923,319,651,305,320,RABV_EA
0ca5e883-457f-44df-a5cb-e94e5532f349,499,2023-05-09T06:41:00.611556+01:00,barcode08,rabv_ea,11923,10164,10561,355,382,RABV_EA
3c213871-d400-4029-983d-1a436f1f9e27,522,2023-05-09T06:40:36.611556+01:00,barcode08,rabv_ea,11923,4661,5050,334,374,RABV_EA
205ae294-cdbd-4c70-987d-0c032bd81b88,545,2023-05-09T06:40:58.611556+01:00,barcode08,rabv_ea,11923,10164,10576,376,404,RABV_EA
06b45620-fb79-4b7c-8fda-6b9b3bdfe2c8,454,2023-05-09T06:41:00.611556+01:00,barcode08,rabv_ea,11923,10164,10537,343,369,RABV_EA
9fd2e940-6963-4943-8232-6d6e62c9baec,265,2023-05-09T06:41:08.611556+01:00,barcode08,rabv_ea,11923,4339,4525,175,181,RABV_EA
8130cd6a-ca4e-4c60-84e2-ce42fc684bd6,519,2023-05-09T06:40:36.611556+01:00,barcode08,rabv_ea,11923,8927,9325,368,382,RABV_EA
856bc5f1-63ea-4edc-a53d-545817fef616,530,2023-05-09T06:40:36.611556+01:00,barcode08,rabv_ea,11923,10168,10576,376,397,RABV_EA
e52f3e0c-3ae7-4125-ae2d-53fd0c9a758a,502,2023-05-09T06:40:58.611556+01:00,barcode08,*,0,0,0,0,0,*
850ba88f-4170-475b-9816-57df556a267a,467,2023-05-09T06:41:03.611556+01:00,barcode08,rabv_ea,11923,1864,2255,323,349,RABV_EA
102bbca0-9755-4b52-a74d-5705b7793c00,200,2023-05-09T06:41:01.611556+01:00,barcode08,rabv_ea,11923,10170,10291,116,118,RABV_EA
b5d1069b-0e41-4d4f-953b-f72cb4f5a85e,490,2023-05-09T06:40:01.611556+01:00,barcode08,rabv_ea,11923,4702,5036,300,326,RABV_EA
7cdb4931-4253-4504-a764-fe13e1fc350b,855,2023-05-09T06:40:00.611556+01:00,barcode08,?,11923,0,0,374,388,?
110ea146-646b-495d-aef2-91aa3e5de589,513,2023-05-09T06:40:11.611556+01:00,barcode08,rabv_ea,11923,10164,10576,352,388,RABV_EA
3786c872-2955-4dd0-ae07-a924076b1ddd,443,2023-05-09T06:40:34.611556+01:00,barcode08,rabv_ea,11923,939,1324,317,354,RABV_EA
3c6a1eb9-316f-4e3c-930e-39077c8c17aa,984,2023-05-09T06:40:58.611556+01:00,barcode08,?,11923,0,0,371,385,?
240dd2cc-aaa3-44bb-983c-f3538dd4fc0c,534,2023-05-09T06:40:48.611556+01:00,barcode08,rabv_ea,11923,9851,10263,381,392,RABV_EA
9c1f5115-d9a8-4b6a-933a-e4d81ebe0dd0,441,2023-05-09T06:41:08.611556+01:00,barcode08,rabv_ea,11923,9057,9325,250,256,RABV_EA
8ad36bf9-ecf8-4da9-b953-7cc9d4d8e1ec,853,2023-05-09T06:40:47.611556+01:00,barcode08,?,11923,0,0,355,369,?
a43b9da2-26ce-4bdf-9f7b-7bd7653d79ca,512,2023-05-09T06:40:48.611556+01:00,barcode08,rabv_ea,11923,319,704,328,361,RABV_EA
1ea3474f-fbd1-4cc5-bfa9-f0339df0a07e,899,2023-05-09T06:41:02.611556+01:00,barcode08,?,11923,0,0,346,379,?
4c4ea962-61fb-470c-88d9-89f4de6b2416,529,2023-05-09T06:40:35.611556+01:00,barcode08,rabv_ea,11923,9851,10263,392,403,RABV_EA
b804f644-1b65-4f2b-8896-a2c1ac906e8b,522,2023-05-09T06:41:08.611556+01:00,barcode08,rabv_ea,11923,10164,10576,366,391,RABV_EA
f5d3f8cc-215a-4c16-8e1b-030cbd6865fb,511,2023-05-09T06:40:26.611556+01:00,barcode08,rabv_ea,11923,6133,6528,331,371,RABV_EA
54ce09ff-382d-476a-bdf7-5c8f817a52a3,1484,2023-05-09T06:40:12.611556+01:00,barcode08,?,11923,0,0,381,397,?
72dc26b9-bf48-46a6-ba0f-29c7ddca8577,536,2023-05-09T06:41:02.611556+01:00,barcode08,rabv_ea,11923,10165,10576,370,396,RABV_EA
c6dae8de-97ae-4fb6-8256-07cb3e2970ba,502,2023-05-09T06:40:11.611556+01:00,barcode08,rabv_ea,11923,1864,2264,384,398,RABV_EA
9b9e5d2c-5d21-4831-a94d-0b5b07befa39,528,2023-05-09T06:40:07.611556+01:00,barcode08,rabv_ea,11923,9851,10258,383,399,RABV_EA
e6cb3cf5-05d4-404a-b5ee-0f80d54b261c,481,2023-05-09T06:40:25.611556+01:00,barcode08,rabv_ea,11923,9875,10263,362,384,RABV_EA
86809a36-7b09-4f28-8fb0-f546ee4a1a62,543,2023-05-09T06:41:05.611556+01:00,barcode08,rabv_ea,11923,10169,10576,368,396,RABV_EA
9e5777bf-777e-43fa-a92e-3c93f16ac122,365,2023-05-09T06:40:23.611556+01:00,barcode08,rabv_ea,11923,11509,11796,269,277,RABV_EA
8d8821d7-2086-493d-9c01-bc1ff84a4b82,871,2023-05-09T06:40:26.611556+01:00,barcode08,?,11923,0,0,353,376,?
0975d6e2-8967-4e0f-bbe9-0d2d5b3eea5d,464,2023-05-09T06:40:29.611556+01:00,barcode08,rabv_ea,11923,4626,4993,322,350,RABV_EA
ac72d17c-e8c2-472f-94c1-4a6ec9284acb,517,2023-05-09T06:40:49.611556+01:00,barcode08,rabv_ea,11923,10164,10580,357,390,RABV_EA
721c8653-0d21-4dbd-8ca1-bb4f692542a0,679,2023-05-09T06:40:23.611556+01:00,barcode08,rabv_ea,11923,6424,6834,378,393,RABV_EA
64b275a4-9dd3-4abd-b92c-b49008201db2,880,2023-05-09T06:40:31.611556+01:00,barcode08,?,11923,0,0,387,406,?
5e974736-5ec4-4bd1-9edc-e177f67330d8,867,2023-05-09T06:40:21.611556+01:00,barcode08,?,11923,0,0,366,385,?
6e86e661-824c-4a96-9b69-479491a63beb,947,2023-05-09T06:41:05.611556+01:00,barcode08,?,11923,0,0,384,394,?
1fca4b12-3cfe-44e1-8e32-232a9bb9dad3,1342,2023-05-09T06:41:06.611556+01:00,barcode08,?,11923,0,0,388,402,?
b5aea836-37de-4f4d-a8ac-a2f89a443de9,522,2023-05-09T06:40:26.611556+01:00,barcode08,rabv_ea,11923,10172,10576,351,387,RABV_EA
fd7b6540-8bcc-48dd-8c65-6d11391b36ba,922,2023-05-09T06:40:30.611556+01:00,barcode08,?,11923,0,0,373,399,?
8724c186-3341-47ea-8f06-0b2970972893,472,2023-05-09T06:41:03.611556+01:00,barcode08,rabv_ea,11923,10177,10576,363,391,RABV_EA
5560e2e6-3a24-4b94-9f3f-b36de29e44b1,811,2023-05-09T06:41:23.611556+01:00,barcode08,?,11923,0,0,359,376,?
58b76a1e-fb0d-4b59-8772-2309451ec8dc,529,2023-05-09T06:41:05.611556+01:00,barcode08,rabv_ea,11923,10164,10576,360,394,RABV_EA
c6afe2a9-5ef8-4b2f-a247-447cc244823f,1319,2023-05-09T06:40:22.611556+01:00,barcode08,?,11923,0,0,371,385,?
00ffbd82-eef9-4c53-bf81-31fe8803957f,1135,2023-05-09T06:41:22.611556+01:00,barcode08,?,11923,0,0,370,386,?
9d6e345f-5767-4713-abe3-fde39850e49e,1313,2023-05-09T06:41:03.611556+01:00,barcode08,?,11923,0,0,373,401,?
57e3530f-e5e9-44ae-af1d-f12b685afe07,892,2023-05-09T06:41:05.611556+01:00,barcode08,?,11923,0,0,370,388,?
dc9d2218-414a-4896-83e5-067c340d9f43,451,2023-05-09T06:41:09.611556+01:00,barcode08,rabv_ea,11923,1879,2264,365,378,RABV_EA
b20f2ebc-138d-4059-943a-28fddc8aa33b,1297,2023-05-09T06:41:11.611556+01:00,barcode08,rabv_ea,11923,2747,3785,904,988,RABV_EA
8858de92-8bff-4310-8f73-d9d5fa9095b4,745,2023-05-09T06:41:09.611556+01:00,barcode08,?,11923,0,0,358,371,?
2f352620-4b7c-4475-8534-97f21c08cabb,1355,2023-05-09T06:41:23.611556+01:00,barcode08,?,11923,0,0,363,388,?
672d276d-ed0f-46e4-9f3e-edcacf11ead2,706,2023-05-09T06:41:23.611556+01:00,barcode08,rabv_ea,11923,4656,5051,348,380,RABV_EA
86936c95-04b4-4501-9998-b401eea45ea2,942,2023-05-09T06:41:22.611556+01:00,barcode08,?,11923,0,0,357,389,?
c36c7200-55d4-4c9c-a080-1153c24a0fc9,517,2023-05-09T06:40:44.611556+01:00,barcode08,rabv_ea,11923,6429,6812,343,363,RABV_EA
a5aaaf9a-49f8-48ae-a04b-26e89c20748c,467,2023-05-09T06:40:32.611556+01:00,barcode08,rabv_ea,11923,2737,3136,371,386,RABV_EA
85cc72ae-b6f5-4bff-98f5-8631c11c777b,490,2023-05-09T06:40:39.611556+01:00,barcode08,rabv_ea,11923,319,709,337,364,RABV_EA
43cfc35a-e330-4b88-b9d5-b274b782f60f,540,2023-05-09T06:40:23.611556+01:00,barcode08,rabv_ea,11923,10164,10575,371,401,RABV_EA
abb85f8f-079d-43a7-a41e-29959fcc9c61,526,2023-05-09T06:41:10.611556+01:00,barcode08,rabv_ea,11923,4634,5049,383,408,RABV_EA
2084a8b0-22b1-44ab-86a1-01690bed3e8d,935,2023-05-09T06:40:21.611556+01:00,barcode08,?,11923,0,0,382,404,?
096e574e-f732-4fea-a75e-ae2e2408a395,521,2023-05-09T06:41:11.611556+01:00,barcode08,rabv_ea,11923,10164,10563,354,376,RABV_EA
004a812e-475e-4917-a6ba-617d6ba11993,526,2023-05-09T06:41:04.611556+01:00,barcode08,rabv_ea,11923,10170,10576,348,380,RABV_EA
3853cf6b-dfcc-42b6-825a-e71790a60b7e,472,2023-05-09T06:41:12.611556+01:00,barcode08,rabv_ea,11923,11123,11494,355,369,RABV_EA
df41823b-d7cd-4800-9c96-2302371eac1e,478,2023-05-09T06:40:24.611556+01:00,barcode08,*,0,0,0,0,0,*
cf5e942b-5209-4287-ab34-d3224b679098,470,2023-05-09T06:40:37.611556+01:00,barcode08,rabv_ea,11923,11111,11488,342,361,RABV_EA
f466b201-2eb9-4b83-883e-087563bcfb94,707,2023-05-09T06:41:26.611556+01:00,barcode08,rabv_ea,11923,4626,5053,387,414,RABV_EA
2b678aa6-81a8-4b9f-94fc-2a4f97d4d013,200,2023-05-09T06:40:26.611556+01:00,barcode08,rabv_ea,11923,614,735,113,118,RABV_EA
3507f9fe-c465-40ff-8d3e-ae15728aed84,228,2023-05-09T06:41:24.611556+01:00,barcode08,rabv_ea,11923,6137,6244,97,98,RABV_EA
5482eb5f-4129-4051-94ca-1cb818e6297f,606,2023-05-09T06:41:02.611556+01:00,barcode08,?,11923,0,0,174,184,?
40d1920a-16ab-4974-bdf9-d6be442d1ede,462,2023-05-09T06:41:06.611556+01:00,barcode08,rabv_ea,11923,3400,3791,365,383,RABV_EA
93eb8f15-f295-400c-be1b-a5ff799d4891,540,2023-05-09T06:40:46.611556+01:00,barcode08,rabv_ea,11923,10164,10575,375,406,RABV_EA
95248b00-1239-43f1-acf6-c18bea6769e6,264,2023-05-09T06:40:44.611556+01:00,barcode08,rabv_ea,11923,3067,3252,164,176,RABV_EA
a5a605fe-7c7a-49df-8bcf-53609180e64d,501,2023-05-09T06:40:44.611556+01:00,barcode08,rabv_ea,11923,9851,10258,373,399,RABV_EA
3c2f53b3-7cef-4c19-b22a-e34224db3596,860,2023-05-09T06:40:44.611556+01:00,barcode08,?,11923,0,0,333,364,?
eaecfcd6-9914-4192-8b74-f82f0e154b56,860,2023-05-09T06:40:27.611556+01:00,barcode08,rabv_ea,11923,2733,3133,378,395,RABV_EA
e33ed275-fe36-43da-9d87-2a07997a9164,438,2023-05-09T06:40:46.611556+01:00,barcode08,rabv_ea,11923,9550,9940,348,363,RABV_EA
4173f004-2200-46db-9334-10811fd4e165,446,2023-05-09T06:40:29.611556+01:00,barcode08,rabv_ea,11923,319,690,350,365,RABV_EA
1e4f4fb0-2dd4-4532-b151-b038a650c9ab,841,2023-05-09T06:40:31.611556+01:00,barcode08,?,11923,0,0,346,365,?
53757bd8-58b4-460f-a18d-d495fa5d4283,879,2023-05-09T06:41:26.611556+01:00,barcode08,?,11923,0,0,354,371,?
d3ba1825-ceee-432f-a5aa-243fec096c01,470,2023-05-09T06:40:38.611556+01:00,barcode08,rabv_ea,11923,9851,10247,357,382,RABV_EA
61e52131-06a8-4d0a-a137-b034259dfe0f,477,2023-05-09T06:40:33.611556+01:00,barcode08,rabv_ea,11923,11405,11796,368,386,RABV_EA
f31e509e-7541-4de4-95d6-6eb4ff5e127c,769,2023-05-09T06:40:44.611556+01:00,barcode08,?,11923,0,0,375,397,?
299d86d3-b9cd-42e8-872d-babeb714b69c,516,2023-05-09T06:41:24.611556+01:00,barcode08,rabv_ea,11923,10165,10584,358,388,RABV_EA
89c10afa-a23a-40fe-a1ad-d37d4dce6f02,513,2023-05-09T06:40:35.611556+01:00,barcode08,rabv_ea,11923,11105,11492,353,367,RABV_EA
8bec72da-374c-419f-bf9f-9153250ec5b4,537,2023-05-09T06:40:41.611556+01:00,barcode08,rabv_ea,11923,10172,10585,382,408,RABV_EA
9e088c1a-b461-443c-a1cd-a7366abdfbb7,481,2023-05-09T06:40:40.611556+01:00,barcode08,rabv_ea,11923,2747,3142,373,387,RABV_EA
b54f4d2a-8b4d-4b9f-be87-8330424247c3,469,2023-05-09T06:41:27.611556+01:00,barcode08,rabv_ea,11923,2733,3133,365,384,RABV_EA
32a8297a-b481-45cd-97b6-4a9488cfbd2a,544,2023-05-09T06:40:42.611556+01:00,barcode08,rabv_ea,11923,10172,10570,346,380,RABV_EA
7202a287-7fdb-4f53-88e6-7de54b530cca,914,2023-05-09T06:40:40.611556+01:00,barcode08,?,11923,0,0,360,383,?
7801c8c1-640e-4ef3-ad82-2c747c0b3730,507,2023-05-09T06:41:36.611556+01:00,barcode08,rabv_ea,11923,6424,6828,350,375,RABV_EA
02ca1c64-c50b-43b8-b8b9-1481611e9e78,537,2023-05-09T06:40:39.611556+01:00,barcode08,rabv_ea,11923,9851,10258,366,386,RABV_EA
c513cca6-583e-46cd-94b9-06da1565f3bc,527,2023-05-09T06:40:41.611556+01:00,barcode08,rabv_ea,11923,1864,2262,370,388,RABV_EA
6dd55e38-b432-4256-82e8-0b972bce09db,447,2023-05-09T06:41:27.611556+01:00,barcode08,rabv_ea,11923,11114,11473,318,344,RABV_EA
668d40ea-243e-46e3-8edb-807eaef2b031,539,2023-05-09T06:41:22.611556+01:00,barcode08,rabv_ea,11923,10170,10573,348,385,RABV_EA
85e986d6-2c7d-4cb6-b098-44b2aae67109,606,2023-05-09T06:41:19.611556+01:00,barcode08,rabv_ea,11923,1864,2262,338,364,RABV_EA
4e771e79-4eab-433f-a0a4-1907b7eff64d,1309,2023-05-09T06:40:47.611556+01:00,barcode08,?,11923,0,0,389,393,?
4d870bdd-1ebb-4359-808c-6b29ec09a55f,296,2023-05-09T06:40:52.611556+01:00,barcode08,rabv_ea,11923,9208,9325,106,113,RABV_EA
eedb8ed1-d384-47b2-85d3-f7ee7ef7e3d7,464,2023-05-09T06:40:45.611556+01:00,barcode08,rabv_ea,11923,10176,10576,355,386,RABV_EA
ecea20d6-4969-435d-8f26-8c8d537baf32,481,2023-05-09T06:40:46.611556+01:00,barcode08,rabv_ea,11923,11111,11492,341,375,RABV_EA
ab9dcf19-ee20-4635-a46d-a3b470ae9171,428,2023-05-09T06:40:45.611556+01:00,barcode08,rabv_ea,11923,3062,3336,261,269,RABV_EA
a073e9c9-1ca9-43d2-bc0c-2c663d037975,476,2023-05-09T06:41:29.611556+01:00,barcode08,rabv_ea,11923,4631,5036,363,393,RABV_EA
372345d1-7521-4dee-b342-e0c383010a06,972,2023-05-09T06:40:53.611556+01:00,barcode08,rabv_ea,11923,9851,10261,386,401,RABV_EA
a683a53b-d3bf-4dd9-ae73-43b070bfd3e1,223,2023-05-09T06:41:15.611556+01:00,barcode08,rabv_ea,11923,547,709,150,158,RABV_EA
c8db047b-3a08-4b71-9c71-54e0145279fd,465,2023-05-09T06:41:18.611556+01:00,barcode08,rabv_ea,11923,10191,10548,314,337,RABV_EA
b5ba19a6-b33f-4988-bc33-5c9ebbb26ac5,351,2023-05-09T06:41:40.611556+01:00,barcode08,rabv_ea,11923,2733,3009,252,270,RABV_EA
e0d10ff8-5a36-40e9-baa4-6ec4c02ddf55,461,2023-05-09T06:41:20.611556+01:00,barcode08,rabv_ea,11923,6426,6818,360,376,RABV_EA
02370211-fe21-40fb-8148-24a6ae479bd2,865,2023-05-09T06:41:34.611556+01:00,barcode08,?,11923,0,0,367,384,?
1b7ffcef-d377-4c9f-94fc-fadb1c674bd2,533,2023-05-09T06:40:44.611556+01:00,barcode08,rabv_ea,11923,10164,10576,366,402,RABV_EA
25eaa6e4-b420-4ce1-b3cc-351bc641978c,822,2023-05-09T06:40:39.611556+01:00,barcode08,?,11923,0,0,336,357,?
40d6f252-a09b-464f-a8bf-3f35d4900b51,478,2023-05-09T06:41:22.611556+01:00,barcode08,rabv_ea,11923,10188,10576,359,381,RABV_EA
3d70652b-cc99-470d-ae4b-b237081d1695,240,2023-05-09T06:40:44.611556+01:00,barcode08,rabv_ea,11923,6133,6244,107,109,RABV_EA
0309f0f9-aa24-4a64-8364-fb3fb9e70b38,520,2023-05-09T06:40:56.611556+01:00,barcode08,rabv_ea,11923,11407,11785,348,370,RABV_EA
8f80ec89-8271-46ac-9f9e-59a1e8fd8cc3,453,2023-05-09T06:40:43.611556+01:00,barcode08,rabv_ea,11923,10170,10562,344,373,RABV_EA
7a328b4a-99a1-4544-b62b-a74586a2f427,950,2023-05-09T06:40:51.611556+01:00,barcode08,?,11923,0,0,354,376,?
aa8fb6bb-ca48-4822-b646-5dc22183451b,534,2023-05-09T06:40:57.611556+01:00,barcode08,rabv_ea,11923,9852,10252,348,377,RABV_EA
3bd38be4-fbaf-4f51-80d3-7f29ded59ee4,468,2023-05-09T06:40:58.611556+01:00,barcode08,rabv_ea,11923,5211,5608,368,384,RABV_EA
e719634d-adff-459b-8529-07512fad4739,893,2023-05-09T06:40:55.611556+01:00,barcode08,?,11923,0,0,309,332,?
6de05bbb-c66f-4391-aa9d-38eab65c4710,1299,2023-05-09T06:40:51.611556+01:00,barcode08,?,11923,0,0,380,397,?
724b8653-2558-4225-ab45-6445ee47328f,776,2023-05-09T06:40:54.611556+01:00,barcode08,?,11923,0,0,346,370,?
9a8b9d55-8661-4fa2-a927-d4fd20bfede4,403,2023-05-09T06:41:29.611556+01:00,barcode08,rabv_ea,11923,6501,6827,291,308,RABV_EA
fab8ef92-1516-4d2b-9738-adf256f3ce76,449,2023-05-09T06:41:16.611556+01:00,barcode08,rabv_ea,11923,5835,6223,347,364,RABV_EA
52576d0e-09f5-468d-9c23-c324e13c1c7f,865,2023-05-09T06:41:39.611556+01:00,barcode08,?,11923,0,0,393,411,?
8ecbd6a3-105f-4e2f-aacd-af727500de8a,902,2023-05-09T06:41:30.611556+01:00,barcode08,?,11923,0,0,354,375,?
9be6dda9-acf0-4aeb-afe3-fd832128fadd,513,2023-05-09T06:41:34.611556+01:00,barcode08,rabv_ea,11923,10164,10576,344,381,RABV_EA
c5d55197-020d-4e05-880a-025c0bc03a15,509,2023-05-09T06:41:30.611556+01:00,barcode08,rabv_ea,11923,6424,6829,347,379,RABV_EA
518afa43-f4e2-4060-af2c-daabd896952a,935,2023-05-09T06:41:30.611556+01:00,barcode08,?,11923,0,0,343,373,?
2f490d4a-aca1-4d60-a1d1-fc2915b2018d,498,2023-05-09T06:40:54.611556+01:00,barcode08,rabv_ea,11923,11097,11494,348,368,RABV_EA
8c7e695e-21e8-49a9-9e19-e5060e442783,467,2023-05-09T06:41:24.611556+01:00,barcode08,rabv_ea,11923,4626,5036,368,395,RABV_EA
3fac0b34-a9e1-49f6-9e07-3bcce7f537ba,463,2023-05-09T06:41:22.611556+01:00,barcode08,rabv_ea,11923,8949,9323,343,363,RABV_EA
84f337e1-4da2-4905-9a24-831eb490f058,513,2023-05-09T06:40:44.611556+01:00,barcode08,rabv_ea,11923,1903,2264,309,347,RABV_EA
7848a8e1-8227-49f0-b0d6-6fb567230cab,404,2023-05-09T06:41:15.611556+01:00,barcode08,rabv_ea,11923,319,647,278,299,RABV_EA
07f137ea-1e59-4bc2-ae1b-442a21f8a4c9,488,2023-05-09T06:40:43.611556+01:00,barcode08,rabv_ea,11923,4637,5036,354,385,RABV_EA
7098eeeb-61c8-4bc8-a19b-b06a05c6df53,443,2023-05-09T06:41:07.611556+01:00,barcode08,rabv_ea,11923,4664,5051,307,341,RABV_EA
07e1e599-b10b-455c-aa67-9eb0a55d69a3,468,2023-05-09T06:40:53.611556+01:00,barcode08,*,0,0,0,0,0,*
c7561f8f-e430-46f6-8157-f37dbb0a63bc,459,2023-05-09T06:41:17.611556+01:00,barcode08,rabv_ea,11923,6424,6820,345,373,RABV_EA
1994aed5-7422-4231-812c-a3900146f68c,911,2023-05-09T06:42:06.611556+01:00,barcode08,?,11923,0,0,375,395,?
c6152733-1830-46ca-b7a1-6d25e57ddd0d,461,2023-05-09T06:41:23.611556+01:00,barcode08,rabv_ea,11923,9851,10245,368,385,RABV_EA
44f547a8-06cb-4765-84dd-1f5e1bf995d8,760,2023-05-09T06:41:49.611556+01:00,barcode08,rabv_ea,11923,11161,11477,287,305,RABV_EA
4f3e1022-19a4-4095-8571-66fd0c490e7a,463,2023-05-09T06:41:21.611556+01:00,barcode08,rabv_ea,11923,11111,11494,359,377,RABV_EA
9f01beac-903d-4114-8200-2c6d9f9b340f,449,2023-05-09T06:41:19.611556+01:00,barcode08,rabv_ea,11923,324,695,344,366,RABV_EA
67a256d3-85cc-4f68-a77d-0df152fb5516,442,2023-05-09T06:41:10.611556+01:00,barcode08,rabv_ea,11923,955,1332,328,360,RABV_EA
3ae8f3ac-69bf-4a95-b1fb-9d0bdb876f17,1807,2023-05-09T06:41:19.611556+01:00,barcode08,?,11923,0,0,389,403,?
435897d2-114d-41bd-9113-251d0de9b3e3,528,2023-05-09T06:42:07.611556+01:00,barcode08,?,11923,0,0,256,273,?
d140401e-0ca2-4a09-ad22-9837bf8bbb02,456,2023-05-09T06:41:22.611556+01:00,barcode08,rabv_ea,11923,5836,6223,361,372,RABV_EA
390a61ed-d984-4c02-b816-54de6c69513e,545,2023-05-09T06:41:46.611556+01:00,barcode08,rabv_ea,11923,10164,10580,383,408,RABV_EA
94cb6eab-d28f-446e-98bf-7ea5923952b6,1558,2023-05-09T06:41:20.611556+01:00,barcode08,?,11923,0,0,353,373,?
0ff10500-735f-46d5-9224-f422ce976bf9,1262,2023-05-09T06:41:07.611556+01:00,barcode08,?,11923,0,0,366,388,?
b7bf0040-e764-44d4-8a85-26c17bb81ec1,274,2023-05-09T06:42:04.611556+01:00,barcode08,*,0,0,0,0,0,*
8bfeb8fe-2d04-4917-8580-a14b97ffa0bf,470,2023-05-09T06:41:12.611556+01:00,barcode08,rabv_ea,11923,8941,9325,354,372,RABV_EA
aa44fa8c-6022-4bad-891e-d7cca7a2f78f,1016,2023-05-09T06:41:24.611556+01:00,barcode08,?,11923,0,0,338,368,?
ff8afe97-591d-4f9d-af13-6fe267c86714,498,2023-05-09T06:42:00.611556+01:00,barcode08,rabv_ea,11923,11110,11494,367,379,RABV_EA
6b9062d9-5d26-4aba-8c62-539cebc71013,523,2023-05-09T06:41:21.611556+01:00,barcode08,rabv_ea,11923,10169,10570,360,391,RABV_EA
d55482c9-7f46-4d8f-add9-f68bfa03ea46,167,2023-05-09T06:41:48.611556+01:00,barcode08,*,0,0,0,0,0,*
50ab5165-f6ae-4556-8aff-75a517be2b2c,497,2023-05-09T06:41:08.611556+01:00,barcode08,rabv_ea,11923,1866,2264,339,369,RABV_EA
51e0c5c7-f5d7-4087-a0ee-88f0a58eaf28,1752,2023-05-09T06:41:47.611556+01:00,barcode08,rabv_ea,11923,11097,11494,372,387,RABV_EA
60269650-2c32-45f5-b661-a7d77f046ae3,2737,2023-05-09T06:42:00.611556+01:00,barcode08,?,11923,0,0,384,397,?
10cb634f-912e-4b15-b616-d923b437d1d1,544,2023-05-09T06:42:00.611556+01:00,barcode08,rabv_ea,11923,10171,10577,364,396,RABV_EA
4af333cd-68a4-4d72-9a4a-cecc684dd869,502,2023-05-09T06:41:18.611556+01:00,barcode08,rabv_ea,11923,11391,11796,347,374,RABV_EA
f3e6c77a-69a8-44ba-ae9e-1f1bebcf674c,459,2023-05-09T06:42:00.611556+01:00,barcode08,rabv_ea,11923,322,686,330,351,RABV_EA
dccf6331-1492-46d2-9a91-b2873e75c57d,468,2023-05-09T06:41:59.611556+01:00,barcode08,rabv_ea,11923,11110,11494,359,376,RABV_EA
26baebac-9da7-4edd-8d97-5ede73ffa884,523,2023-05-09T06:42:08.611556+01:00,barcode08,rabv_ea,11923,10164,10550,339,365,RABV_EA
d26f25fd-fbd6-4f4a-b986-398fcad32b2a,370,2023-05-09T06:41:18.611556+01:00,barcode08,rabv_ea,11923,3538,3788,231,247,RABV_EA
4390c90c-e1b7-429c-b8f6-112d5e09df64,240,2023-05-09T06:41:30.611556+01:00,barcode08,*,0,0,0,0,0,*
66bd0d58-8b11-44f1-958c-359132dd657a,426,2023-05-09T06:42:06.611556+01:00,barcode08,rabv_ea,11923,1873,2178,277,292,RABV_EA
df2a32b1-19a0-4493-b8f7-30212c6de50e,473,2023-05-09T06:41:26.611556+01:00,barcode08,*,0,0,0,0,0,*
c78929ac-4a6d-4c2b-a682-82b2126d8718,925,2023-05-09T06:41:31.611556+01:00,barcode08,?,11923,0,0,375,397,?
e34a55a1-b286-4703-8fa5-913ee0ea802a,286,2023-05-09T06:41:18.611556+01:00,barcode08,rabv_ea,11923,1513,1634,108,111,RABV_EA
2d8a5597-249c-4357-ad39-eaab37489b70,467,2023-05-09T06:41:15.611556+01:00,barcode08,rabv_ea,11923,11120,11494,347,367,RABV_EA
d40fa294-da7e-44e6-9bdb-afec8673d971,1257,2023-05-09T06:41:13.611556+01:00,barcode08,?,11923,0,0,376,387,?
9e8dcf5d-db98-4400-9f1c-99d7b3ef3a15,457,2023-05-09T06:41:29.611556+01:00,barcode08,rabv_ea,11923,71,452,356,375,RABV_EA
27071ad0-1428-420e-bc56-a883e30bb3be,435,2023-05-09T06:41:21.611556+01:00,barcode08,rabv_ea,11923,3121,3471,334,342,RABV_EA
b8a4301b-b010-4166-ac78-caacb96b3435,1286,2023-05-09T06:41:16.611556+01:00,barcode08,?,11923,0,0,339,366,?
0f5d7bfe-1728-4ec3-b1bc-c0f2fe104fde,446,2023-05-09T06:41:57.611556+01:00,barcode08,rabv_ea,11923,11391,11774,331,365,RABV_EA
3bb6f003-bff1-4d96-8c97-b88ff8df30de,804,2023-05-09T06:41:54.611556+01:00,barcode08,rabv_ea,11923,9887,10258,323,352,RABV_EA
e83a57fa-2d95-41f3-a062-9ce07e574bd4,513,2023-05-09T06:42:01.611556+01:00,barcode08,rabv_ea,11923,1889,2264,345,363,RABV_EA
bed8b8d1-a992-4cc3-8291-0232c0f4cd05,446,2023-05-09T06:42:04.611556+01:00,barcode08,rabv_ea,11923,2445,2828,329,356,RABV_EA
869052be-ee7e-46d6-b0a4-cbd2d886dd8d,619,2023-05-09T06:41:20.611556+01:00,barcode08,?,11923,0,0,366,382,?
3f5c6786-168e-4568-aaf3-5c374acfbd63,463,2023-05-09T06:41:53.611556+01:00,barcode08,rabv_ea,11923,11392,11780,367,385,RABV_EA
b6130056-2d68-437f-9f31-5f8f65510584,267,2023-05-09T06:42:03.611556+01:00,barcode08,*,0,0,0,0,0,*
4c110153-b873-4840-81c7-1e60adaa035e,468,2023-05-09T06:41:16.611556+01:00,barcode08,rabv_ea,11923,10164,10550,357,376,RABV_EA
550b8ad5-57a0-45e2-8f1d-dcbc9393a13c,513,2023-05-09T06:42:03.611556+01:00,barcode08,rabv_ea,11923,1864,2264,355,378,RABV_EA
f4e58c7f-8566-449f-9f39-e8469b6340d4,508,2023-05-09T06:41:37.611556+01:00,barcode08,rabv_ea,11923,2733,3148,370,390,RABV_EA
cac6a7f4-9677-43f2-ae27-0a22afc456d8,520,2023-05-09T06:41:31.611556+01:00,barcode08,rabv_ea,11923,9856,10208,322,341,RABV_EA
ca4c3d2c-8c85-42c8-b2dd-6a9c6ff06239,767,2023-05-09T06:42:27.611556+01:00,barcode08,rabv_ea,11923,8756,9325,521,550,RABV_EA
526aa37a-40f1-44f9-bd37-0dfed8d69ed5,473,2023-05-09T06:41:32.611556+01:00,barcode08,rabv_ea,11923,6427,6820,383,389,RABV_EA
91ee0143-a17c-4142-9245-ac38a6c354f3,1060,2023-05-09T06:42:09.611556+01:00,barcode08,?,11923,0,0,379,391,?
45b0cf0f-f6c3-4303-b9aa-0caf4dea252c,448,2023-05-09T06:41:16.611556+01:00,barcode08,rabv_ea,11923,11109,11494,359,375,RABV_EA
46e06f23-3e37-4d66-bb71-1fd5013d342e,467,2023-05-09T06:41:28.611556+01:00,barcode08,rabv_ea,11923,3383,3774,356,379,RABV_EA
920494b8-06d4-4912-af2b-a6da8ed70ec0,490,2023-05-09T06:41:18.611556+01:00,barcode08,rabv_ea,11923,4626,5020,344,377,RABV_EA
b755d9ea-3989-4906-b1b6-0526c5c1b2eb,399,2023-05-09T06:42:25.611556+01:00,barcode08,*,0,0,0,0,0,*
2a018da4-5eda-4974-9115-7ad70f8a1f69,528,2023-05-09T06:41:35.611556+01:00,barcode08,rabv_ea,11923,10170,10573,372,394,RABV_EA
e22eea03-f150-4619-8379-ea205ab706a5,517,2023-05-09T06:41:32.611556+01:00,barcode08,*,0,0,0,0,0,*
ae641a76-f993-4874-92a4-213b7a7d6944,520,2023-05-09T06:41:36.611556+01:00,barcode08,rabv_ea,11923,8933,9302,321,343,RABV_EA
59919f87-ae55-4819-a232-3ca7fd00ed4e,530,2023-05-09T06:42:35.611556+01:00,barcode08,rabv_ea,11923,10161,10573,360,389,RABV_EA
aa98295e-8635-4710-b699-129610932894,871,2023-05-09T06:41:46.611556+01:00,barcode08,?,11923,0,0,370,384,?
88822709-75a1-4649-8c94-ad807a3e9dd5,809,2023-05-09T06:41:32.611556+01:00,barcode08,?,11923,0,0,365,389,?
7cddb94b-c568-459d-ba1b-730db21cd3ac,429,2023-05-09T06:42:39.611556+01:00,barcode08,rabv_ea,11923,11133,11485,300,325,RABV_EA
db4316b1-a666-4ad8-9324-0acc96b9eda1,1808,2023-05-09T06:41:46.611556+01:00,barcode08,?,11923,0,0,384,397,?
2420dcf3-8afc-413b-8e2b-6c538be1c6ee,459,2023-05-09T06:41:48.611556+01:00,barcode08,rabv_ea,11923,11111,11494,360,375,RABV_EA
3536aa64-75a0-4171-8d2f-80a61dceced4,467,2023-05-09T06:42:32.611556+01:00,barcode08,rabv_ea,11923,11407,11796,361,378,RABV_EA
bd8f4a65-4e75-4a3e-8eaf-5c274785ec95,1033,2023-05-09T06:42:31.611556+01:00,barcode08,?,11923,0,0,359,403,?
5ba11a2d-ee04-4fe7-b03f-b0bc6c717502,459,2023-05-09T06:42:47.611556+01:00,barcode08,rabv_ea,11923,9851,10243,374,389,RABV_EA
79d7a182-c38e-4899-9a38-a55c71873681,423,2023-05-09T06:42:36.611556+01:00,barcode08,rabv_ea,11923,2461,2777,294,301,RABV_EA
5116b8c5-35e6-4998-bf8d-dc0ba0de6fd2,550,2023-05-09T06:42:46.611556+01:00,barcode08,rabv_ea,11923,613,1034,394,415,RABV_EA
6aae282c-05ce-495a-9139-3227b0d5518c,550,2023-05-09T06:42:37.611556+01:00,barcode08,rabv_ea,11923,10168,10573,352,391,RABV_EA
abdd8634-3eb8-40c4-866f-fea97a759ea0,232,2023-05-09T06:42:25.611556+01:00,barcode08,*,0,0,0,0,0,*
3b0e02bf-8a27-425f-9e23-5b4610df23a6,386,2023-05-09T06:42:36.611556+01:00,barcode08,?,11923,0,0,126,132,?
8e13835e-16a1-4e91-875b-9e234bda0059,467,2023-05-09T06:42:28.611556+01:00,barcode08,rabv_ea,11923,6424,6819,371,384,RABV_EA
30dcf814-87cd-42aa-b60e-aefea775d4ae,947,2023-05-09T06:41:36.611556+01:00,barcode08,?,11923,0,0,390,399,?
ba348285-274c-470c-8bac-5b6f4179e1f1,548,2023-05-09T06:42:27.611556+01:00,barcode08,rabv_ea,11923,10164,10585,382,412,RABV_EA
b4c6bca2-dd54-4684-8979-c54f7556c468,1374,2023-05-09T06:42:30.611556+01:00,barcode08,?,11923,0,0,385,399,?
4015ac9b-84e0-4d70-9958-d3319a36517e,448,2023-05-09T06:41:30.611556+01:00,barcode08,rabv_ea,11923,11407,11794,343,369,RABV_EA
fd48bccf-a708-4306-8e15-7fd95bc3972a,266,2023-05-09T06:42:39.611556+01:00,barcode08,rabv_ea,11923,3062,3246,161,175,RABV_EA
15f612e2-22e5-448b-b118-e82d29b80c95,183,2023-05-09T06:41:40.611556+01:00,barcode08,*,0,0,0,0,0,*
2fdfb417-c62a-4cba-90cd-8e1e1807f526,916,2023-05-09T06:42:37.611556+01:00,barcode08,?,11923,0,0,383,390,?
086289da-205b-41d3-948e-8406d52f1530,360,2023-05-09T06:41:46.611556+01:00,barcode08,*,0,0,0,0,0,*
74e22895-9825-4224-b8e4-335428b4788c,454,2023-05-09T06:42:29.611556+01:00,barcode08,rabv_ea,11923,9851,10248,376,384,RABV_EA
65dfc8ee-e716-4973-a53a-b7d6e47525ac,553,2023-05-09T06:41:31.611556+01:00,barcode08,rabv_ea,11923,10164,10576,364,397,RABV_EA
667d89c3-0cbb-4426-bc61-1078b169ca3c,268,2023-05-09T06:41:41.611556+01:00,barcode08,rabv_ea,11923,3065,3252,168,181,RABV_EA
c009d918-4226-4daf-915f-957d351017bd,489,2023-05-09T06:42:30.611556+01:00,barcode08,rabv_ea,11923,4633,5036,359,392,RABV_EA
e10bcbc9-d949-4259-80db-944f07df97af,527,2023-05-09T06:42:31.611556+01:00,barcode08,rabv_ea,11923,10167,10570,369,393,RABV_EA
54f3a7a5-b769-428e-83a5-400b19212691,463,2023-05-09T06:42:30.611556+01:00,barcode08,rabv_ea,11923,9551,9939,346,372,RABV_EA
c7455c4b-eeb4-43b4-ad62-b2114f926b20,1359,2023-05-09T06:41:48.611556+01:00,barcode08,?,11923,0,0,363,388,?
e375444b-7417-4d76-8cd6-fc78b3c34e8a,345,2023-05-09T06:41:46.611556+01:00,barcode08,rabv_ea,11923,5038,5283,223,239,RABV_EA
9912e65c-4257-41b4-877c-4444f2c6e4b1,1296,2023-05-09T06:41:47.611556+01:00,barcode08,?,11923,0,0,327,358,?
352eead5-5bc4-4de3-a075-5cac6a576873,702,2023-05-09T06:41:50.611556+01:00,barcode08,rabv_ea,11923,1864,2262,353,380,RABV_EA
89e72748-2bd0-4003-8e43-85032cc38b88,488,2023-05-09T06:41:40.611556+01:00,barcode08,rabv_ea,11923,2737,3129,351,380,RABV_EA
997c5e55-e455-42b1-a82b-3933e190ac9e,466,2023-05-09T06:42:48.611556+01:00,barcode08,rabv_ea,11923,11111,11494,368,381,RABV_EA
239b695a-7dd7-40fe-9a4f-459513006f15,359,2023-05-09T06:41:43.611556+01:00,barcode08,rabv_ea,11923,5031,5282,235,249,RABV_EA
63ba28a2-0b5a-43ac-b18f-82158349268f,510,2023-05-09T06:41:44.611556+01:00,barcode08,*,0,0,0,0,0,*
431e0dd3-404d-4df7-92e3-da4d1419d34a,498,2023-05-09T06:42:47.611556+01:00,barcode08,rabv_ea,11923,10166,10576,352,391,RABV_EA
ba547964-7c1a-41ac-a8f7-46396b8d0ca8,616,2023-05-09T06:42:49.611556+01:00,barcode08,?,11923,0,0,358,379,?
f5bec8ac-0e2d-40b8-9377-66c04a79d540,526,2023-05-09T06:42:46.611556+01:00,barcode08,rabv_ea,11923,10164,10572,373,400,RABV_EA
d45f6cdf-8345-4d94-b7ad-1a1aa7a2e1ce,548,2023-05-09T06:41:41.611556+01:00,barcode08,rabv_ea,11923,4626,5051,381,414,RABV_EA
e19a5b00-2dee-4a42-878d-f7eb903ce844,287,2023-05-09T06:41:43.611556+01:00,barcode08,rabv_ea,11923,9201,9325,123,124,RABV_EA
97c86f3d-bad8-4cbd-ac72-065bff976204,809,2023-05-09T06:41:43.611556+01:00,barcode08,rabv_ea,11923,4626,5053,394,418,RABV_EA
981d0904-7bc0-4af9-a203-4947ae0ca34d,259,2023-05-09T06:42:45.611556+01:00,barcode08,rabv_ea,11923,619,760,128,133,RABV_EA
523e2283-1540-43cd-8ba4-1bddc699b397,888,2023-05-09T06:42:44.611556+01:00,barcode08,?,11923,0,0,362,372,?
7f87b997-37bd-4fcb-a330-3b1321aea139,466,2023-05-09T06:41:44.611556+01:00,barcode08,rabv_ea,11923,11405,11795,348,375,RABV_EA
b70d28a0-e83c-4167-a818-9a2ec33ef00d,531,2023-05-09T06:42:55.611556+01:00,barcode08,rabv_ea,11923,9536,9936,367,384,RABV_EA
a5f59b95-74c0-4674-80f1-6e8a5efd2a0b,652,2023-05-09T06:41:40.611556+01:00,barcode08,rabv_ea,11923,5023,5290,242,259,RABV_EA
b5dc0ca0-4a67-4f41-994f-b041dd65f4b3,558,2023-05-09T06:42:48.611556+01:00,barcode08,rabv_ea,11923,10164,10576,372,403,RABV_EA
ab84821c-b5c3-461d-90e7-e5487d92c2f5,494,2023-05-09T06:42:58.611556+01:00,barcode08,rabv_ea,11923,11096,11483,338,358,RABV_EA
eb0703fb-08bc-47eb-9021-18e559a33001,546,2023-05-09T06:42:00.611556+01:00,barcode08,rabv_ea,11923,10164,10585,376,409,RABV_EA
63b62612-733d-42e3-a669-34c5255d9a49,469,2023-05-09T06:41:57.611556+01:00,barcode08,rabv_ea,11923,2733,3125,361,384,RABV_EA
aff9b0c5-3bda-434b-93cb-f5caf5e31e4c,506,2023-05-09T06:42:00.611556+01:00,barcode08,rabv_ea,11923,319,711,367,385,RABV_EA
147fae16-5416-4e20-80ec-af1ab8db40e9,1005,2023-05-09T06:41:59.611556+01:00,barcode08,?,11923,0,0,347,370,?
b5edb70e-b4ca-474b-8ac8-5256beb4a3be,867,2023-05-09T06:41:59.611556+01:00,barcode08,?,11923,0,0,349,374,?
21799cbd-ddc4-4361-9bda-554aed4f4780,290,2023-05-09T06:42:45.611556+01:00,barcode08,*,0,0,0,0,0,*
b2620ea0-e657-437a-a016-31e2f600459c,546,2023-05-09T06:42:55.611556+01:00,barcode08,rabv_ea,11923,10164,10576,377,403,RABV_EA
5bffccc9-0afc-4d74-8a3e-2bc0f747c5dc,871,2023-05-09T06:41:40.611556+01:00,barcode08,?,11923,0,0,376,393,?
831e1c97-7bad-421e-821e-28a931db1bff,461,2023-05-09T06:42:09.611556+01:00,barcode08,rabv_ea,11923,5197,5595,352,380,RABV_EA
bf697f2f-c920-424c-bd5a-cd75f7cef5c4,1709,2023-05-09T06:42:07.611556+01:00,barcode08,?,11923,0,0,382,400,?
041c01f6-8a6c-4fff-933c-e2e31cea8a68,462,2023-05-09T06:42:52.611556+01:00,barcode08,rabv_ea,11923,9857,10174,275,292,RABV_EA
28fe795c-da6d-4e21-9291-343a48691ca6,460,2023-05-09T06:42:08.611556+01:00,barcode08,rabv_ea,11923,4894,5283,362,379,RABV_EA
772f6d00-ba85-40cc-a142-b7e49a100ac9,310,2023-05-09T06:41:58.611556+01:00,barcode08,rabv_ea,11923,4279,4422,135,141,RABV_EA
aaedcf22-95b3-4a45-aadb-fd1732186f30,903,2023-05-09T06:42:58.611556+01:00,barcode08,?,11923,0,0,353,379,?
6f578d5b-1729-4646-bb33-049a4f84aa2f,888,2023-05-09T06:41:57.611556+01:00,barcode08,rabv_ea,11923,2738,3774,733,775,RABV_EA
5b1c1fcb-3704-447f-bdca-12fc69d7f532,458,2023-05-09T06:42:08.611556+01:00,barcode08,rabv_ea,11923,2734,3130,344,374,RABV_EA
46ccdc15-26a9-4e5c-9c3d-7add0bf8c90c,491,2023-05-09T06:42:56.611556+01:00,barcode08,rabv_ea,11923,4645,5051,374,400,RABV_EA
0d496597-b409-4127-af60-0154fad8ab0d,461,2023-05-09T06:42:56.611556+01:00,barcode08,rabv_ea,11923,6424,6819,373,381,RABV_EA
1c9ced70-baf8-43f3-b086-4b08461b0c3f,456,2023-05-09T06:42:57.611556+01:00,barcode08,rabv_ea,11923,1868,2231,306,337,RABV_EA
99d340dd-c0c4-408f-ab0f-c14b3484430c,462,2023-05-09T06:41:57.611556+01:00,barcode08,rabv_ea,11923,3386,3777,356,376,RABV_EA
930e128e-22e9-4132-bb89-6ed2ce2ad72c,355,2023-05-09T06:42:58.611556+01:00,barcode08,rabv_ea,11923,9044,9310,260,265,RABV_EA
858d0018-58f6-484e-843c-8659695aa9e0,950,2023-05-09T06:41:55.611556+01:00,barcode08,?,11923,0,0,390,405,?
